-,-,-
398, -35, 927
398, -35, 927
429, -49, 983
362, -57, 1085
355, 7, 1102
391, 71, 1028
421, 93, 998
421, 93, 998
328, 61, 1027
247, 39, 1041
250, 80, 992
217, 101, 1008
114, 93, 1093
114, 93, 1093
-8, 63, 1078
-,-,-
512, 95, 977
530, 64, 1085
493, -4, 1100
447, -12, 1106
447, -12, 1106
478, 40, 1098
466, 84, 1061
355, 133, 1087
288, 97, 1039
261, 55, 927
139, 70, 920
139, 70, 920
12, 61, 922
-74, 33, 917
-219, 21, 902
-219, 21, 902
-,-,-
234, 56, 969
282, 89, 1036
288, 123, 1082
288, 123, 1082
281, 124, 1050
316, 55, 983
296, 34, 996
250, 65, 967
236, 89, 965
236, 89, 965
243, 95, 1011
198, 120, 1016
111, 116, 1003
7, 97, 1003
7, 97, 1003
-,-,-
341, 135, 988
368, 182, 1054
349, 192, 1021
332, 183, 982
332, 183, 982
322, 172, 989
301, 175, 1005
256, 186, 1005
234, 168, 1004
196, 132, 1012
129, 111, 1017
66, 108, 1024
66, 108, 1024
-19, 68, 995
-164, 16, 1012
-285, -23, 1067
-,-,-
412, 94, 988
452, 133, 1030
452, 133, 1030
485, 145, 1024
485, 155, 1034
509, 148, 1042
509, 159, 1019
469, 176, 1015
412, 156, 1002
378, 111, 998
309, 108, 1002
309, 108, 1002
184, 136, 977
63, 142, 987
-64, 95, 975
-,-,-
595, 152, 1005
619, 147, 992
597, 130, 1038
590, 118, 1055
574, 120, 1011
494, 113, 975
494, 113, 975
407, 136, 975
339, 184, 988
243, 171, 944
135, 142, 930
2, 173, 968
2, 173, 968
-148, 203, 1044
-,-,-
553, 132, 946
591, 138, 963
575, 134, 924
575, 134, 924
549, 148, 973
539, 125, 976
508, 97, 998
406, 55, 971
372, 75, 958
372, 75, 958
358, 87, 970
260, 103, 986
143, 126, 1009
80, 125, 1009
80, 125, 1009
0, 103, 1029
-100, 75, 1031
-193, 108, 1096
-238, 127, 1118
-,-,-
243, 114, 971
243, 114, 971
283, 116, 1014
309, 94, 1010
333, 89, 986
389, 80, 995
395, 50, 1026
395, 50, 1026
369, 18, 1024
348, 32, 1003
298, 59, 1012
242, 75, 993
227, 89, 952
227, 89, 952
220, 115, 957
136, 153, 963
-18, 159, 1019
-190, 131, 1052
-276, 71, 1010
-383, 103, 1020
-383, 103, 1020
-442, 100, 1073
-510, 44, 1102
-520, 1, 1171
-,-,-
324, 69, 946
383, 94, 1020
383, 94, 1020
387, 116, 1002
396, 141, 984
391, 137, 983
367, 107, 1001
373, 92, 1016
373, 92, 1016
336, 83, 1015
280, 91, 1037
247, 114, 1043
242, 103, 1031
187, 70, 1021
113, 81, 995
113, 81, 995
43, 84, 980
-12, 86, 1006
-57, 96, 989
-141, 125, 999
-141, 125, 999
-225, 139, 983
-346, 151, 926
-379, 179, 997
-408, 123, 1092
-,-,-
231, 112, 1036
287, 104, 980
335, 108, 990
350, 117, 1003
323, 126, 1019
326, 123, 1019
359, 124, 1002
359, 124, 1002
364, 130, 998
400, 136, 996
399, 124, 1066
333, 90, 1063
299, 82, 1045
248, 109, 1049
248, 109, 1049
173, 128, 1061
133, 115, 1027
106, 101, 981
65, 103, 984
-4, 115, 988
-60, 127, 980
-60, 127, 980
-113, 136, 935
-162, 126, 940
-224, 129, 931
-243, 158, 976
-,-,-
319, 122, 1061
337, 140, 1006
367, 118, 1065
354, 136, 1038
361, 152, 1011
357, 152, 989
357, 152, 989
343, 137, 1005
332, 133, 1023
346, 123, 1041
333, 103, 1038
277, 97, 1030
214, 97, 1032
199, 113, 1030
199, 113, 1030
152, 108, 994
76, 94, 965
67, 115, 954
87, 138, 948
87, 138, 948
75, 153, 948
-35, 149, 946
-116, 146, 949
-,-,-
221, 259, 940
253, 259, 925
309, 250, 934
354, 233, 964
363, 220, 976
363, 220, 976
368, 208, 1001
358, 193, 1004
330, 195, 1011
330, 204, 1002
302, 202, 1014
307, 223, 1038
264, 214, 1068
216, 182, 1071
216, 182, 1071
190, 159, 1051
176, 136, 993
-,-,-
472, 59, 1024
441, 55, 1026
416, 42, 1059
390, 61, 1040
362, 91, 1050
362, 91, 1050
314, 93, 1046
277, 76, 1008
240, 111, 1017
218, 130, 997
175, 133, 974
140, 128, 974
140, 128, 974
160, 113, 970
125, 98, 982
32, 90, 1000
-57, 97, 991
-57, 97, 991
-128, 127, 985
-209, 145, 993
-264, 164, 1003
-,-,-
426, 39, 1080
422, 41, 975
435, 64, 1059
410, 75, 1069
410, 75, 1069
369, 74, 1049
369, 73, 1049
348, 86, 1033
310, 100, 1030
297, 116, 1028
263, 104, 1033
263, 104, 1033
211, 78, 1030
164, 71, 989
105, 90, 985
27, 87, 981
27, 87, 981
-15, 100, 987
-22, 95, 1014
-71, 89, 1011
-138, 96, 985
-193, 112, 983
-193, 112, 983
-260, 132, 965
-326, 161, 957
-368, 139, 978
-404, 149, 998
-451, 150, 1006
-,-,-
482, 9, 1126
484, -33, 1082
420, -49, 1104
383, -37, 1153
370, -32, 1126
370, -32, 1126
339, -30, 1106
316, -38, 1138
307, -19, 1130
262, 20, 1101
208, 67, 1021
151, 112, 982
38, 104, 931
38, 104, 931
-149, 106, 907
-254, 126, 916
-259, 158, 947
-250, 179, 969
-279, 175, 945
-341, 167, 950
-341, 167, 950
-,-,-
412, 25, 1063
465, 94, 1113
528, 34, 1127
475, 27, 1106
455, 44, 1112
455, 44, 1112
465, 61, 1095
500, 66, 1061
519, 44, 1043
452, 34, 1040
383, 45, 1050
383, 45, 1050
315, 40, 1005
217, 40, 953
79, 59, 996
-39, 99, 973
-39, 99, 973
-117, 92, 954
-234, 81, 1035
-372, 63, 1090
-418, 66, 1085
-487, 68, 1097
-543, 67, 1130
-,-,-
549, 64, 997
549, 64, 997
593, 114, 1090
615, 94, 1010
607, 114, 1035
547, 131, 1090
528, 104, 1120
528, 104, 1120
509, 63, 1159
460, 54, 1183
381, 36, 1196
300, 9, 1146
206, 2, 1064
206, 2, 1064
127, 11, 1096
57, 28, 1096
29, 61, 1083
-75, 56, 1074
-75, 56, 1074
-214, 75, 1015
-292, 74, 982
-218, 82, 1018
-152, 125, 1034
-208, 147, 1003
-275, 143, 984
-346, 120, 986
-,-,-
535, 85, 1014
535, 85, 1014
559, 70, 1018
476, 66, 1035
392, 57, 1044
369, 30, 1012
380, 17, 1002
380, 17, 1045
354, 29, 1045
269, 55, 1033
196, 61, 1019
167, 53, 1014
127, 54, 1024
61, 94, 1030
61, 94, 1030
-3, 96, 1059
-101, 104, 1046
-,-,-
573, 69, 1061
605, 50, 1040
561, 56, 1058
496, 51, 1049
496, 51, 1049
477, 44, 1030
485, 34, 1018
482, 39, 1033
437, 26, 1069
337, 3, 1079
337, 3, 1079
273, -10, 1118
226, -37, 1141
181, -71, 1136
69, -101, 1110
-81, -148, 1116
-204, -168, 1112
-271, -151, 1116
-306, -114, 1134
-,-,-
445, -30, 929
481, -47, 963
481, -47, 963
504, -37, 960
514, -21, 978
490, -32, 1009
475, -55, 1047
522, -84, 1048
525, -94, 1022
525, -94, 1022
513, -39, 1070
446, -41, 1057
379, -83, 1022
312, -102, 1001
250, -86, 1005
124, -45, 1040
-35, 5, 1060
-139, 11, 1041
-139, 11, 1041
-163, 25, 1063
-261, 2, 1098
-,-,-
466, -22, 1107
500, -47, 1077
533, -55, 1103
521, -53, 1145
458, -39, 1089
446, -39, 1105
455, -53, 1056
434, -57, 1004
434, -57, 1004
371, -32, 985
320, 11, 981
265, 34, 919
223, 45, 916
123, 45, 894
123, 45, 894
32, 62, 889
-72, 71, 906
-142, 90, 932
-142, 90, 932
-244, 118, 936
-,-,-
531, -36, 1032
481, -24, 1025
502, -36, 1035
522, -33, 1034
501, -35, 993
432, -35, 992
343, -56, 1016
294, -97, 1042
294, -97, 1042
330, -116, 1049
297, -104, 1074
205, -85, 1086
130, -91, 1093
77, -115, 1094
-49, -90, 1170
-209, -102, 1153
-,-,-
602, 86, 973
647, 47, 1105
713, 28, 1124
695, 23, 1091
622, 23, 1118
577, -5, 1108
577, -5, 1108
582, -21, 1126
591, -49, 1053
613, -56, 1053
553, -67, 1076
416, -24, 1063
322, -19, 1077
214, -28, 991
214, -28, 991
111, 15, 930
-61, 29, 1026
-240, -18, 1032
-302, -55, 1006
-339, -28, 1020
-391, -17, 1054
-,-,-
478, 337, 875
478, 337, 875
301, 328, 937
202, 254, 970
242, 175, 971
291, 80, 1005
284, 61, 1134
258, 85, 1218
258, 85, 1218
251, 95, 1211
210, 60, 1160
176, 70, 1041
185, 126, 1012
101, 164, 1054
101, 164, 1054
-61, 169, 1067
-,-,-
411, 9, 960
521, 23, 1056
619, -23, 1037
619, -23, 1037
647, -51, 1034
624, -24, 980
593, 17, 959
523, 45, 931
444, 78, 965
444, 78, 965
270, 86, 996
123, 83, 1058
23, 28, 1095
-68, 2, 1085
-68, 2, 1085
-157, 37, 1114
-282, 91, 1138
-436, 81, 1122
-,-,-
678, -26, 992
699, -104, 1046
545, -145, 1136
590, -120, 1110
662, -114, 1077
617, -126, 1069
557, -164, 1114
499, -147, 1130
459, -125, 1083
323, -71, 1038
323, -71, 1038
126, -17, 1097
-44, -7, 1160
-110, -6, 1127
-165, 27, 1101
-304, 63, 1074
-440, 24, 1120
-506, 7, 1124
-482, 69, 1044
-482, 69, 1044
-493, 97, 984
-,-,-
857, -161, 1068
931, -190, 1153
817, -154, 1223
743, -125, 1260
695, -172, 1241
561, -189, 1160
484, -147, 1173
369, -106, 1100
251, -93, 1044
251, -93, 1044
159, -70, 970
17, 20, 964
-139, 59, 932
-341, 20, 942
-396, 15, 914
-396, 15, 914
-482, 88, 921
-642, 93, 939
-745, 58, 967
-736, 54, 1017
-,-,-
633, 64, 885
746, 20, 869
682, -40, 977
675, -85, 1014
707, -124, 988
695, -146, 984
695, -146, 984
669, -139, 1032
663, -127, 1086
624, -163, 1059
542, -146, 1016
434, -76, 1010
324, -37, 1035
208, -23, 1004
88, 32, 962
-72, 91, 991
-72, 91, 991
-246, 106, 1064
-446, 84, 1082
-615, 49, 1078
-672, 80, 1086
-708, 99, 1117
-726, 87, 1123
-,-,-
657, -110, 1042
584, -134, 1068
476, -154, 1114
442, -152, 1121
416, -110, 1125
416, -110, 1125
323, -93, 1102
193, -91, 1082
75, -73, 1089
-14, -46, 1089
-84, -30, 1030
-126, 15, 1020
-221, 48, 1038
-300, 79, 1040
-367, 81, 997
-367, 81, 997
-404, 61, 961
-487, 58, 972
-,-,-
812, -53, 1010
872, -97, 1041
823, -122, 1074
785, -124, 1068
785, -124, 1068
750, -121, 987
665, -132, 1018
624, -93, 1038
642, -70, 1001
588, -72, 985
419, -75, 983
291, -41, 976
158, 9, 990
158, 9, 990
5, 53, 976
-227, 45, 993
-381, 40, 993
-381, 40, 993
-460, 50, 1045
-521, 14, 1074
-628, -11, 1111
-670, 3, 1142
-,-,-
790, 15, 973
790, 15, 973
666, -38, 1129
673, -49, 1123
633, -49, 1019
535, -55, 980
361, -58, 989
252, -108, 1010
154, -174, 1035
154, -174, 1035
12, -181, 1072
-184, -179, 1120
-353, -220, 1193
-438, -209, 1182
-552, -149, 1105
-652, -86, 1068
-705, -51, 1075
-704, 9, 1063
-686, 100, 1026
-,-,-
1009, -10, 983
1003, -77, 997
879, -148, 1036
757, -156, 1095
697, -139, 1149
625, -169, 1202
625, -169, 1202
533, -198, 1184
447, -191, 1140
402, -143, 1167
311, -120, 1183
134, -123, 1178
-50, -113, 1139
-135, -23, 1067
-163, 83, 1041
-258, 98, 1025
-357, 100, 969
-443, 138, 945
-531, 161, 995
-604, 145, 1043
-604, 145, 1043
-,-,-
578, 113, 859
666, 113, 839
666, 164, 839
690, 186, 752
776, 80, 792
844, -74, 895
858, -222, 998
830, -360, 1128
830, -360, 1128
760, -480, 1308
710, -534, 1350
639, -525, 1332
551, -436, 1251
459, -342, 1093
269, -206, 1011
92, -106, 947
-156, -6, 875
-430, 76, 849
-658, 143, 847
-780, 226, 900
-780, 226, 900
-878, 276, 932
-968, 301, 979
-,-,-
892, -65, 938
840, -72, 1009
727, -139, 1098
651, -210, 1115
575, -219, 1091
575, -219, 1091
500, -202, 1036
405, -184, 1066
276, -129, 1106
138, -106, 1089
44, -106, 1052
-69, -16, 1090
-231, 55, 1113
-378, 47, 1089
-448, 26, 1020
-482, 65, 1009
-549, 111, 1039
-,-,-
666, -36, 1026
791, -69, 1003
830, -62, 987
802, -113, 1014
807, -202, 1038
798, -241, 1061
743, -207, 1036
718, -178, 1036
666, -155, 1033
666, -155, 1033
571, -175, 945
376, -174, 923
82, -130, 1004
-298, -76, 996
-645, -3, 955
-885, 66, 948
-,-,-
460, 126, 1045
448, 102, 1097
448, 102, 1097
466, 73, 1041
503, 92, 1056
450, 63, 1110
338, 14, 1121
228, -12, 1148
231, -18, 1141
231, -18, 1141
257, 6, 1077
168, 23, 1034
30, 60, 995
-101, 71, 969
-228, 84, 924
-228, 84, 924
-383, 75, 907
-535, 67, 986
-666, 26, 1056
-720, 0, 1096
-731, -42, 1117
-,-,-
717, 121, 834
717, 121, 834
774, 45, 925
740, -35, 1013
752, -118, 1106
772, -117, 1073
726, -100, 1064
659, -75, 1056
585, -100, 1080
461, -96, 1086
297, -67, 1061
297, -67, 1061
144, -40, 1047
36, -28, 1034
14, -4, 1021
-33, 47, 1012
-198, 115, 1008
-366, 134, 996
-532, 135, 973
-532, 135, 973
-651, 101, 1016
-751, 58, 1108
-776, 36, 1169
-,-,-
706, -114, 1049
793, -97, 1028
873, -81, 931
769, -34, 1011
676, -31, 1049
633, -42, 1031
654, -57, 1118
654, -57, 1118
657, -36, 1161
637, -32, 1143
563, -65, 1144
429, -73, 1101
264, 10, 1080
47, 107, 1066
-130, 79, 1022
-130, 79, 1022
-289, 4, 1044
-474, -2, 1100
-603, 44, 1149
-650, 76, 1122
-,-,-
952, -29, 875
979, -81, 995
979, -81, 995
837, -132, 975
769, -100, 975
730, -88, 1001
732, -75, 991
728, -106, 1012
683, -122, 1035
604, -118, 1028
465, -86, 976
465, -86, 976
314, -67, 947
146, 14, 956
-43, 194, 990
-177, 248, 1076
-243, 133, 1158
-366, 34, 1071
-559, -59, 1082
-559, -59, 1082
-,-,-
681, 197, 749
681, 197, 749
665, 124, 868
760, 60, 921
883, 8, 1027
952, -49, 1101
951, -146, 1180
890, -156, 1243
890, -156, 1243
785, -98, 1143
660, -54, 1036
524, -44, 1005
385, -91, 1035
243, -123, 1053
104, -126, 1045
5, -125, 1007
-116, -123, 988
-205, -98, 982
-275, -74, 1006
-396, -56, 1049
-396, -56, 1049
-554, -34, 1064
-,-,-
1061, -84, 1032
1075, -109, 945
845, -126, 1019
714, -143, 1045
643, -156, 1019
578, -163, 963
523, -164, 1009
489, -150, 1060
395, -155, 1047
227, -159, 1077
90, -162, 1051
0, -104, 1044
-111, -33, 1098
-255, -18, 1107
-255, -18, 1107
-366, 16, 1061
-431, 54, 997
-447, 103, 971
-531, 112, 992
-637, 85, 1029
-,-,-
630, 90, 889
575, 79, 998
566, 52, 997
566, 52, 997
583, 13, 1017
576, -18, 1032
493, -37, 1051
421, -50, 1064
395, -63, 1063
379, -66, 1074
379, -66, 1074
298, -90, 1074
228, -94, 1083
139, -66, 1087
14, -4, 1086
-85, 68, 1073
-181, 112, 1028
-290, 153, 952
-290, 153, 952
-,-,-
731, -23, 958
873, -38, 935
821, -38, 1077
817, -43, 1120
814, -58, 1031
738, -40, 1027
587, -50, 1062
587, -50, 1062
471, -53, 1082
396, -5, 1025
271, 32, 1034
111, 64, 1062
-23, 89, 1045
-187, 120, 1050
-424, 105, 1060
-600, 74, 1077
-600, 74, 1077
-669, 68, 1099
-674, 94, 1099
-,-,-
646, 35, 1095
561, 22, 1061
519, -9, 1085
508, -18, 1103
472, -19, 1113
434, -16, 1078
434, -16, 1078
396, 13, 1044
299, 44, 1048
186, 71, 1033
109, 92, 984
24, 100, 980
24, 100, 980
-136, 84, 1016
-298, 49, 1038
-406, 83, 1030
-486, 137, 1029
-554, 169, 999
-570, 214, 952
-532, 240, 923
-466, 288, 878
-466, 288, 878
-488, 260, 902
-694, 160, 989
-798, 81, 1096
-605, 78, 1207
-422, 60, 1275
-,-,-
686, -134, 1101
710, -99, 1095
710, -99, 1100
686, -102, 1100
625, -102, 1125
556, -105, 1148
460, -144, 1098
317, -135, 1039
182, -88, 1077
70, -4, 1090
-25, 30, 1087
-130, 5, 1085
-130, 5, 1085
-199, -3, 1059
-199, 47, 1033
-234, 58, 1036
-379, 51, 1053
-497, 55, 1052
-542, 59, 1034
-541, 110, 1031
-,-,-
492, 22, 911
516, -24, 996
516, -24, 996
555, -73, 1067
735, -102, 972
897, -180, 983
904, -264, 1071
853, -256, 1189
790, -286, 1213
727, -277, 1149
610, -217, 1123
510, -175, 1095
367, -125, 1000
233, -45, 939
233, -45, 939
-36, 37, 931
-282, 70, 986
-411, 42, 1026
-475, 90, 990
-585, 120, 998
-706, 109, 1041
-794, 83, 1115
-794, 83, 1115
-788, 94, 1151
-786, 116, 1167
-,-,-
658, 18, 1017
803, -25, 1041
780, -111, 1079
688, -140, 1061
609, -158, 1049
546, -122, 1018
490, -77, 972
470, -72, 954
470, -72, 954
360, -89, 909
205, -88, 888
74, -27, 944
-26, 41, 1011
-169, 67, 1046
-169, 67, 1046
-303, 76, 1039
-411, 94, 1061
-432, 117, 1089
-491, 98, 1114
-538, 117, 1101
-558, 141, 1132
-522, 165, 1127
-,-,-
572, -70, 1068
659, -69, 1016
636, -28, 981
623, 38, 1027
660, 78, 969
660, 78, 969
657, 106, 895
646, 104, 923
632, 78, 1030
622, 46, 1049
622, 46, 1049
526, 21, 963
370, -18, 982
267, -61, 1101
226, -72, 1113
184, -49, 1034
-61, -4, 1038
-61, -4, 1038
-312, -46, 1106
-524, -58, 1144
-563, -45, 1162
-593, -21, 1116
-,-,-
726, 30, 908
726, 30, 908
705, 55, 979
656, 35, 1016
579, 17, 1083
573, -36, 1184
558, -85, 1203
558, -85, 1203
528, -96, 1201
431, -37, 1176
339, 16, 1152
248, 30, 1136
145, 27, 1099
58, 47, 1095
58, 47, 1095
-40, 34, 1142
-166, 15, 1148
-278, 31, 1098
-390, 90, 1073
-494, 115, 1053
-,-,-
700, -63, 1037
673, -26, 1046
627, -13, 1065
622, -14, 1071
564, -33, 1059
458, -25, 1045
329, 14, 1045
329, 14, 1045
200, 47, 1036
111, 41, 1027
32, 17, 1004
-58, 51, 992
-159, 55, 1016
-159, 55, 1016
-260, 57, 1032
-356, 56, 1059
-427, 71, 1082
-486, 87, 1061
-511, 112, 1050
-507, 110, 1062
-,-,-
603, -134, 1037
597, -83, 1032
597, -83, 1032
582, -41, 1000
556, 10, 1062
533, 23, 1106
525, -6, 1097
453, 13, 1045
366, 72, 1034
366, 72, 1034
285, 122, 1038
204, 110, 1020
87, 70, 971
-87, 41, 969
-243, 60, 1009
-243, 60, 1009
-372, 68, 1056
-487, 83, 1064
-567, 78, 1057
-626, 74, 1085
-,-,-
756, -53, 831
860, -16, 964
845, -114, 1014
757, -131, 948
704, -130, 907
704, -130, 907
652, -113, 930
612, -80, 991
520, -66, 1058
409, -20, 1073
363, 16, 1074
335, 76, 1095
243, 79, 1117
243, 79, 1117
27, 88, 1124
-156, 83, 1140
-271, 96, 1153
-384, 82, 1152
-501, 35, 1139
-,-,-
886, 99, 849
766, 97, 945
742, 67, 968
768, 12, 917
768, 12, 917
591, 7, 969
519, 0, 1026
511, -1, 1048
511, -1, 1048
484, 29, 1049
337, 31, 1041
175, 6, 1084
91, -22, 1144
85, 12, 1174
85, 12, 1174
-31, 42, 1125
-163, 41, 1052
-299, 30, 1034
-408, 45, 1081
-508, 87, 1111
-544, 129, 1094
-,-,-
631, 33, 1026
545, -5, 1049
545, -5, 1049
500, 2, 1011
498, 48, 1003
521, 59, 1038
501, 19, 1037
420, -28, 1045
420, -28, 1045
323, -28, 1059
265, 4, 1064
147, 30, 1062
18, 3, 1088
-82, 2, 1117
-82, 2, 1117
-141, 14, 1139
-179, 48, 1109
-253, 47, 1096
-332, 44, 1091
-396, 67, 1108
-456, 103, 1081
-562, 160, 1038
-562, 160, 1038
-,-,-
707, -191, 1108
657, -167, 1055
545, -195, 1147
565, -199, 1138
636, -163, 1047
562, -78, 939
399, 22, 922
399, 22, 922
214, 61, 947
67, 54, 975
-82, 96, 974
-165, 186, 1006
-260, 195, 1065
-260, 195, 1065
-384, 146, 1073
-470, 145, 1099
-537, 172, 1147
-628, 175, 1155
-716, 159, 1167
-,-,-
725, -108, 1056
630, -129, 1068
557, -162, 1148
473, -146, 1100
344, -123, 1071
178, -114, 1070
97, -85, 1054
54, -30, 1060
-34, 11, 1095
-131, 3, 1092
-131, 3, 1092
-185, -15, 1059
-282, 11, 1024
-391, 62, 1009
-519, 91, 1038
-614, 100, 1074
-659, 111, 1058
-663, 158, 1052
-673, 195, 1025
-,-,-
459, -76, 1057
397, -61, 1069
397, -61, 1069
261, -43, 1058
179, -35, 1081
143, -20, 1059
105, 20, 1048
65, 28, 1019
15, 6, 1004
15, 6, 1004
-74, 0, 965
-157, 47, 943
-224, 101, 964
-309, 87, 989
-309, 87, 989
-408, 46, 987
-501, 54, 1003
-552, 95, 1030
-606, 120, 1061
-677, 120, 1075
-707, 109, 1065
-695, 157, 1032
-,-,-
-135, 138, 860
-16, 319, 654
233, 221, 858
-41, 218, 883
-42, 258, 736
-42, 258, 736
-96, 112, 732
-399, -73, 940
-738, -164, 1045
-1003, -183, 1089
-1037, -141, 1080
-1041, -151, 1154
-1023, -149, 1172
-923, -109, 1135
-,-,-
662, -61, 981
746, -37, 1063
673, -63, 1084
575, -50, 1115
575, -50, 1115
539, -58, 1107
524, -85, 1073
499, -94, 1034
418, -112, 1021
307, -109, 983
219, -82, 949
117, -51, 906
-8, -20, 942
-8, -20, 942
-167, -26, 989
-280, -23, 988
-374, -4, 986
-,-,-
684, 0, 968
732, 8, 1017
729, 0, 1022
714, 0, 1027
714, 0, 1027
647, 8, 1049
570, -24, 1050
485, -89, 1058
421, -127, 1055
303, -121, 1062
113, -129, 1074
113, -129, 1074
-94, -139, 1053
-265, -105, 1067
-352, -19, 1068
-449, 39, 1027
-544, 70, 1010
-624, 75, 1007
-684, 92, 989
-,-,-
815, -120, 1025
833, -112, 1061
833, -112, 1061
810, -99, 1045
711, -95, 1027
622, -73, 1004
467, -47, 978
256, -49, 1005
117, -61, 1005
55, -57, 1003
-24, -19, 999
-24, -19, 999
-143, 2, 1020
-242, 2, 1024
-304, 5, 994
-386, 30, 997
-495, 44, 1032
-495, 44, 1032
-581, 27, 1059
-610, 15, 1074
-,-,-
659, -104, 1026
695, -142, 1104
824, -185, 1118
841, -203, 1108
792, -179, 1104
733, -141, 1062
671, -127, 1039
578, -113, 1004
506, -77, 976
506, -77, 976
421, -41, 950
246, -37, 968
22, -47, 995
-134, -47, 1029
-148, 12, 1045
-263, 87, 1030
-263, 87, 1030
-379, 96, 996
-470, 80, 978
-497, 74, 977
-589, 88, 1017
-,-,-
940, -165, 1079
841, -184, 1233
841, -184, 1233
804, -158, 1204
757, -130, 1111
636, -89, 1091
545, -77, 1099
459, -88, 1065
388, -81, 1018
287, -46, 1025
120, -21, 1055
-58, -26, 1065
-131, -36, 1060
-170, -15, 1049
-263, 18, 1047
-263, 18, 1047
-385, 10, 1063
-506, -2, 1064
-,-,-
823, -40, 926
859, -66, 1022
806, -63, 1044
774, -44, 1028
779, -71, 1074
740, -88, 1090
740, -88, 1090
659, -73, 1088
571, -29, 1099
471, 4, 1112
410, -13, 1087
359, -46, 1042
283, -6, 1042
172, 29, 1083
172, 29, 1083
-,-,-
668, -64, 890
804, -129, 944
804, -129, 944
903, -165, 993
897, -163, 992
840, -136, 976
825, -125, 956
801, -134, 953
755, -136, 964
686, -123, 962
601, -131, 981
601, -131, 981
510, -145, 1001
416, -129, 1048
341, -92, 1079
212, -84, 1083
19, -64, 1085
-177, -16, 1110
-348, 12, 1136
-461, -20, 1185
-495, -49, 1227
-,-,-
881, -160, 1038
842, -165, 1077
764, -119, 1086
718, -90, 1065
653, -85, 1068
653, -85, 1068
568, -74, 1080
528, -49, 1093
501, -30, 1066
437, -5, 1015
290, 33, 1017
124, 47, 1035
-10, 16, 1042
-10, 16, 1042
-89, 20, 1009
-186, 57, 1003
-,-,-
477, 12, 998
460, 45, 1033
463, 36, 1019
463, 36, 1019
468, 40, 1030
455, 20, 1031
417, -26, 1005
398, -45, 977
398, -22, 952
398, -22, 952
376, 22, 959
303, 67, 992
188, 54, 1042
96, 26, 1049
96, 26, 1049
67, 13, 1015
27, 41, 1014
-97, 62, 1044
-221, 61, 1065
-315, 66, 1059
-315, 66, 1059
-373, 84, 1029
-,-,-
678, -80, 886
673, -80, 885
726, -91, 860
768, -109, 914
724, -140, 1003
701, -169, 1020
693, -189, 971
693, -189, 971
646, -175, 967
547, -175, 978
448, -193, 980
330, -162, 964
183, -102, 975
-24, -73, 983
-207, -62, 993
-365, -19, 998
-365, -19, 998
-,-,-
794, -49, 909
759, -81, 907
693, -69, 970
692, -89, 980
691, -124, 950
661, -168, 972
608, -180, 983
608, -180, 983
576, -138, 954
468, -84, 954
270, -57, 973
119, -41, 993
28, 14, 1023
-81, 58, 1038
-81, 58, 1038
-200, 42, 1043
-292, 15, 1052
-,-,-
965, -115, 995
948, -107, 1048
824, -77, 1051
824, -77, 1051
729, -55, 1053
638, -31, 1033
546, -17, 1012
451, -36, 1000
366, -64, 981
282, -68, 1000
163, -17, 1024
19, -2, 1061
19, -2, 1061
-136, -38, 1106
-239, -63, 1107
-308, -5, 1088
-415, 61, 1043
-532, 87, 1014
-567, 97, 1019
-578, 111, 1006
-623, 123, 990
-,-,-
705, -19, 945
763, -42, 972
838, -78, 1014
867, -129, 1045
814, -173, 1081
707, -185, 1119
662, -219, 1172
612, -252, 1157
567, -269, 1137
439, -264, 1143
300, -231, 1138
161, -169, 1101
9, -125, 1064
9, -125, 1064
-123, -75, 1021
-249, -29, 1002
-381, 23, 977
-504, 71, 944
-621, 120, 905
-658, 152, 903
-698, 154, 933
-,-,-
410, -47, 952
553, -80, 998
730, -155, 959
834, -191, 976
834, -191, 976
858, -236, 1041
861, -293, 1075
883, -342, 1074
847, -322, 1030
773, -286, 1041
689, -245, 1014
599, -157, 970
344, -59, 916
20, 38, 872
20, 38, 851
-230, 93, 851
-345, 149, 843
-,-,-
633, 96, 892
778, 50, 861
965, -8, 912
1042, -69, 939
1053, -108, 966
1093, -175, 973
1106, -202, 944
1106, -202, 944
1030, -183, 985
907, -134, 970
745, -82, 896
571, -62, 880
399, -11, 865
189, 62, 884
-55, 63, 927
-55, 63, 927
-276, 24, 988
-422, -8, 1047
-549, -29, 1095
-724, -100, 1182
-,-,-
887, -168, 1015
845, -145, 1050
765, -155, 1014
684, -119, 990
523, -114, 966
329, -121, 980
165, -82, 1039
165, -82, 1039
-13, -62, 1102
-183, -88, 1115
-328, -67, 1114
-441, 2, 1123
-548, 40, 1115
-667, 46, 1120
-,-,-
661, -27, 968
639, -59, 1044
644, -64, 1011
625, -47, 1020
564, -61, 1044
564, -61, 1044
417, -79, 1046
310, -86, 1040
258, -67, 1039
251, -32, 1035
165, -5, 1013
23, 0, 991
23, 0, 991
-118, 25, 990
-219, 37, 1006
-335, 1, 1036
-477, -22, 1050
-575, 15, 1085
-575, 15, 1085
-669, 72, 1110
-771, 99, 1123
-841, 106, 1127
-,-,-
848, -90, 957
797, -110, 983
763, -93, 1049
725, -68, 1021
690, -73, 962
627, -114, 971
627, -114, 971
560, -114, 1044
534, -105, 1084
514, -104, 1074
423, -70, 1017
313, -21, 1002
161, -5, 1053
-13, -7, 1038
-102, -21, 1032
-139, -46, 987
-139, -46, 987
-218, 17, 991
-417, 32, 1020
-640, 31, 1041
-,-,-
818, -71, 909
809, -105, 972
767, -118, 1030
726, -115, 1032
639, -77, 1033
546, -50, 1048
527, -80, 1057
479, -91, 1010
419, -36, 990
419, -36, 990
365, 70, 1000
301, 108, 1039
222, 55, 1061
156, 12, 1061
79, 5, 1077
79, 5, 1077
-2, 63, 1072
-140, 99, 1075
-295, 113, 1045
-376, 144, 1002
-456, 167, 1008
-562, 184, 1028
-658, 157, 1059
-767, 94, 1127
-,-,-
657, -112, 962
689, -165, 1100
647, -220, 1165
654, -158, 1139
604, -78, 1068
547, -24, 981
488, -10, 960
488, -10, 960
473, -39, 954
473, -28, 954
366, 10, 997
239, -4, 1055
204, -44, 1087
204, -44, 1087
211, -62, 1076
176, -22, 1044
65, 17, 1081
-44, 17, 1098
-91, 4, 1047
-91, 4, 1047
-167, 47, 1008
-274, 109, 993
-359, 107, 1011
-416, 75, 1015
-470, 68, 1012
-526, 122, 1002
-,-,-
601, -25, 985
843, -21, 889
934, -20, 890
934, -20, 890
856, 8, 991
732, -4, 1069
652, -11, 1127
620, -32, 1156
651, -63, 1102
700, -91, 1072
700, -91, 1072
691, -83, 1053
608, -72, 1026
497, -67, 1014
354, -63, 998
231, -39, 961
98, -23, 921
98, -23, 921
-34, -6, 912
-203, 0, 955
-329, 21, 970
-429, 58, 934
-429, 58, 934
-520, 121, 885
-644, 131, 907
-737, 102, 963
-,-,-
792, -114, 1068
697, -60, 1062
697, -60, 1062
563, -20, 1102
500, -15, 1128
534, -58, 1122
536, -96, 1091
469, -105, 1086
344, -70, 1055
218, -39, 1042
114, -24, 1062
-7, -57, 1084
-7, -57, 1084
-64, -75, 1080
-72, -41, 1047
-110, -8, 1038
-218, 10, 1050
-328, 9, 1058
-371, 44, 1011
-388, 93, 976
-388, 93, 976
-447, 139, 983
-519, 117, 1020
-560, 100, 1054
-580, 104, 1069
-593, 121, 1068
-,-,-
775, -89, 1050
772, -91, 1068
760, -79, 1082
723, -46, 1075
723, -46, 1075
637, -63, 1083
539, -120, 1102
485, -178, 1078
477, -187, 1037
418, -142, 1004
312, -58, 1002
155, -32, 1009
11, -32, 983
-103, -25, 975
-173, 31, 969
-173, 31, 969
-287, 73, 972
-454, 66, 988
-564, 48, 1030
-647, 30, 1050
-738, 51, 1080
-,-,-
702, 43, 822
895, 17, 862
895, 17, 862
975, -15, 919
981, -20, 989
912, -77, 979
902, -100, 990
929, -94, 1017
929, -94, 1017
1000, -111, 1033
941, -157, 1054
734, -173, 1080
545, -153, 1069
338, -130, 1076
55, -111, 1074
-174, -59, 1087
-306, -8, 1092
-368, 13, 1071
-449, 13, 1041
-555, 39, 1008
-716, 70, 1004
-716, 70, 1004
-836, 121, 1005
-,-,-
652, -100, 1030
562, -111, 1075
477, -159, 1123
443, -159, 1110
381, -147, 1100
259, -164, 1099
97, -210, 1119
63, -195, 1136
86, -149, 1125
-10, -110, 1109
-10, -110, 1109
-132, -112, 1078
-230, -70, 1038
-291, 37, 1024
-348, 124, 1033
-411, 143, 1026
-495, 124, 1038
-565, 151, 1041
-606, 213, 1039
-677, 247, 1026
-737, 244, 1026
-,-,-
974, -73, 1023
974, -73, 1023
969, -104, 1111
958, -122, 1076
868, -81, 1046
759, -70, 1054
705, -83, 1046
617, -109, 1059
511, -113, 1058
474, -85, 1016
388, -36, 1002
169, -2, 1028
169, -2, 1028
-52, 13, 1052
-157, 41, 1045
-156, 52, 1013
-221, 54, 1035
-366, 14, 1077
-466, -21, 1120
-511, -32, 1127
-546, -10, 1098
-,-,-
771, -55, 794
968, -27, 797
1056, -52, 853
1056, -52, 853
1003, -89, 891
1037, -152, 914
1069, -193, 892
1000, -205, 894
876, -173, 907
738, -143, 950
566, -89, 954
431, -7, 974
235, 17, 1031
235, 17, 1031
65, 11, 1075
-50, 20, 1088
-186, 63, 1110
-321, 79, 1099
-400, 80, 1111
-400, 80, 1111
-439, 80, 1117
-514, 111, 1098
-592, 121, 1089
-615, 91, 1083
-,-,-
698, -73, 1035
708, -91, 1092
708, -91, 1092
821, -110, 1087
868, -92, 999
785, -84, 1027
722, -48, 1062
665, -35, 1036
572, -74, 1018
497, -97, 981
423, -85, 1001
423, -85, 1001
286, -62, 1022
89, -68, 1008
-96, -30, 989
-250, 56, 976
-364, 137, 986
-476, 173, 1006
-605, 167, 1037
-652, 162, 1062
-652, 162, 1076
-,-,-
676, 57, 1101
635, 110, 1053
576, 112, 1056
497, 58, 1064
408, -8, 1071
337, -40, 1101
337, -40, 1101
286, -44, 1124
204, -27, 1078
154, -22, 1050
113, -38, 1058
43, -28, 1068
-37, 4, 1080
-129, 38, 1048
-129, 38, 1048
-209, 68, 996
-297, 102, 970
-414, 118, 1010
-495, 127, 1045
-532, 140, 1049
-,-,-
830, -79, 952
851, -121, 1108
853, -139, 1134
807, -121, 1103
687, -90, 1053
593, -57, 1027
513, -52, 1030
513, -52, 1030
408, -66, 1006
275, -37, 1003
151, 7, 1018
64, 36, 1065
7, 35, 1047
7, 35, 1047
-36, 45, 993
-124, 95, 999
-266, 140, 1007
-379, 161, 983
-437, 180, 959
-437, 180, 959
-454, 176, 1015
-526, 188, 1042
-,-,-
899, 3, 977
864, -36, 1083
803, -36, 1046
803, -65, 1046
709, -58, 1022
578, -74, 1057
462, -75, 1087
371, -65, 1118
286, -59, 1105
192, -42, 1084
90, 5, 1044
90, 5, 1044
-21, 56, 1056
-114, 71, 1042
-212, 73, 1016
-296, 105, 1009
-351, 120, 999
-411, 135, 1029
-,-,-
604, 28, 1029
695, -10, 1038
811, -44, 992
799, -76, 1036
717, -77, 1065
711, -86, 1068
711, -86, 1068
660, -65, 1041
626, -45, 993
584, -50, 1021
472, -81, 1077
329, -87, 1096
207, -78, 1061
90, -71, 1056
-32, -55, 1082
-32, -55, 1082
-190, -38, 1079
-267, -10, 1030
-322, 30, 1014
-439, 51, 1053
-580, 16, 1077
-625, -50, 1139
-,-,-
655, 105, 925
655, 105, 925
633, 105, 1023
623, 52, 1040
585, 3, 1057
518, -51, 1097
451, -74, 1148
451, -74, 1148
387, -88, 1163
351, -113, 1145
297, -135, 1127
259, -112, 1089
183, -61, 1077
56, 2, 1070
-63, 49, 1053
-162, 53, 1021
-162, 53, 1021
-269, 51, 1003
-353, 79, 1010
-427, 108, 1016
-483, 121, 1008
-540, 130, 962
-553, 145, 949
-,-,-
898, -137, 1073
894, -135, 1119
894, -135, 1119
925, -98, 1109
844, -43, 1053
784, -5, 987
656, -11, 982
533, -36, 985
402, -30, 974
267, -22, 980
267, -22, 980
111, -37, 1019
-26, -31, 1053
-142, 0, 1075
-259, -2, 1083
-381, -2, 1084
-435, 20, 1075
-435, 20, 1075
-471, 66, 1066
-511, 98, 1050
-571, 94, 1053
-609, 90, 1032
-650, 83, 1064
-,-,-
849, -20, 1005
953, -103, 1113
928, -179, 1152
921, -211, 1121
897, -190, 1098
897, -190, 1098
822, -140, 1035
764, -107, 992
669, -89, 978
570, -67, 987
467, -30, 994
378, -36, 1013
225, -63, 1005
74, -58, 1016
74, -58, 1016
-52, -9, 1029
-190, 17, 1030
-298, 41, 987
-381, 44, 992
-456, 72, 1008
-,-,-
870, -70, 1009
921, -92, 988
887, -118, 1053
823, -141, 1068
766, -118, 1048
708, -74, 1023
671, -48, 1027
622, -50, 1035
521, -35, 1019
388, -18, 1025
259, 1, 1047
259, 1, 1047
113, -7, 1085
-4, -27, 1076
-77, -25, 1039
-185, 10, 1053
-292, 66, 1036
-292, 66, 1036
-364, 76, 1041
-399, 72, 1040
-420, 83, 1043
-484, 89, 1071
-522, 90, 1092
-551, 84, 1116
-575, 96, 1122
-593, 99, 1144
-593, 99, 1144
-590, 108, 1151
-,-,-
700, 36, 956
697, 28, 986
697, 28, 986
647, 13, 970
554, -22, 980
435, -38, 1017
310, -11, 1033
262, -4, 1043
262, -4, 1043
230, -61, 1086
156, -107, 1101
50, -65, 1085
-32, -21, 1080
-108, -26, 1089
-222, -15, 1090
-322, 33, 1056
-403, 62, 1067
-480, 65, 1074
-480, 65, 1074
-534, 35, 1092
-626, 34, 1117
-653, 42, 1141
-647, 52, 1159
-632, 74, 1140
-607, 100, 1101
-,-,-
800, -55, 980
868, -73, 1066
802, -84, 1078
711, -72, 1050
685, -73, 1035
685, -73, 1033
670, -52, 1033
604, -35, 1016
493, -10, 1024
402, 3, 1020
335, 6, 1041
253, 1, 1058
253, 1, 1058
144, -13, 1047
41, -8, 1048
-39, 58, 1019
-123, 113, 989
-219, 122, 997
-305, 102, 1024
-305, 102, 1024
-394, 110, 1037
-461, 126, 1043
-499, 149, 1054
-,-,-
631, 75, 966
755, 59, 924
842, 7, 973
915, -47, 1094
925, -118, 1156
925, -118, 1156
924, -149, 1138
863, -122, 1096
813, -73, 1024
747, -35, 947
665, -21, 903
560, 4, 934
461, 20, 1021
461, 20, 1021
314, 5, 1050
177, -1, 1046
97, 33, 1038
6, 89, 1041
6, 89, 1041
-85, 128, 1032
-208, 139, 1002
-304, 162, 977
-406, 189, 1011
-528, 214, 1038
-630, 216, 1063
-672, 215, 1067
-682, 220, 1063
-,-,-
709, 44, 908
753, -23, 1049
795, -73, 1086
887, -86, 1065
842, -56, 1030
842, -56, 1030
777, -52, 1014
711, -52, 1029
594, -40, 1051
524, -52, 1024
462, -51, 1007
366, -30, 1049
252, -26, 1078
100, -10, 1091
100, -10, 1091
-56, 11, 1077
-175, 54, 1045
-303, 120, 1036
-399, 185, 1020
-483, 236, 1006
-548, 249, 1013
-641, 229, 1060
-712, 186, 1092
-,-,-
970, -142, 986
920, -142, 1091
824, -89, 1074
773, -37, 1028
773, -37, 1028
738, -36, 979
641, -51, 977
569, -89, 1039
530, -102, 1080
454, -87, 1069
352, -77, 1055
240, -61, 1057
107, -40, 1068
107, -40, 1068
-50, -27, 1073
-171, -15, 1084
-284, 23, 1058
-387, 95, 1067
-481, 142, 1076
-564, 183, 1049
-589, 209, 1014
-665, 220, 1025
-735, 205, 1062
-780, 192, 1098
-,-,-
811, -76, 1072
843, -112, 1029
848, -134, 1095
799, -126, 1076
766, -98, 1050
770, -108, 1034
733, -115, 1016
658, -121, 1018
613, -126, 1027
504, -113, 1011
375, -89, 982
254, -48, 997
254, -48, 997
83, -8, 983
-102, 2, 1000
-260, 8, 1026
-382, 16, 1064
-492, 21, 1124
-492, 21, 1124
-557, 21, 1144
-591, 24, 1143
-616, 36, 1144
-669, 63, 1143
-751, 66, 1166
-817, 56, 1180
-800, 44, 1181
-,-,-
1048, -151, 879
1013, -177, 963
917, -184, 967
818, -188, 960
702, -165, 987
480, -140, 1023
285, -125, 1046
285, -125, 1046
131, -134, 1101
8, -156, 1173
-144, -147, 1222
-246, -99, 1195
-358, -32, 1148
-447, -9, 1102
-538, -23, 1118
-588, 3, 1106
-654, 49, 1120
-741, 109, 1099
-797, 148, 1078
-,-,-
890, -121, 1048
716, -146, 1083
716, -146, 1083
553, -189, 1120
370, -179, 1126
238, -129, 1111
157, -99, 1051
96, -57, 1014
15, -17, 1000
-79, 24, 950
-144, 41, 919
-144, 41, 919
-290, 31, 939
-433, 42, 974
-577, 58, 1001
-701, 86, 1027
-781, 94, 1047
-852, 88, 1095
-885, 89, 1123
-885, 89, 1123
-864, 118, 1121
-802, 143, 1122
-,-,-
986, -27, 1016
942, -33, 1056
957, -68, 1022
920, -40, 1005
768, -22, 1042
575, -23, 1072
446, -40, 1068
378, -59, 1066
273, -93, 1088
273, -93, 1088
123, -116, 1070
-54, -126, 1044
-227, -100, 1023
-381, -58, 999
-512, -13, 967
-642, 12, 985
-750, 41, 996
-823, 70, 1014
-864, 82, 1042
-864, 82, 1042
-,-,-
1087, 109, 823
1087, 109, 823
1042, 56, 982
988, -6, 1036
1045, -64, 1011
992, -54, 990
863, -50, 988
743, -60, 980
743, -60, 980
649, -93, 983
528, -113, 1000
422, -107, 1015
319, -101, 999
192, -68, 997
30, -28, 1017
-148, 11, 1032
-301, 26, 1019
-301, 26, 1019
-443, 63, 1008
-532, 103, 1021
-660, 123, 1059
-739, 129, 1079
-815, 136, 1087
-880, 151, 1109
-855, 150, 1160
-795, 152, 1160
-699, 162, 1147
-,-,-
921, -86, 962
931, -59, 936
841, -63, 1000
752, -65, 1020
639, -75, 1071
518, -102, 1080
446, -111, 1090
296, -101, 1099
106, -90, 1117
-6, -60, 1105
-6, -60, 1105
-72, -10, 1052
-148, 22, 1038
-220, 39, 1036
-318, 34, 1042
-409, 52, 1043
-492, 88, 1034
-608, 100, 1048
-691, 112, 1064
-691, 112, 1064
-744, 124, 1075
-732, 153, 1085
-703, 172, 1027
-,-,-
1214, -45, 1003
1284, -97, 1077
1293, -133, 1050
1211, -155, 1043
1104, -141, 1020
936, -120, 1005
811, -107, 976
718, -123, 976
557, -102, 946
557, -102, 946
382, -57, 918
148, -14, 916
-134, 41, 921
-346, 80, 922
-464, 126, 920
-518, 139, 939
-575, 142, 983
-575, 142, 983
-662, 115, 1039
-724, 124, 1087
-,-,-
916, 0, 989
942, -18, 1023
864, -75, 1076
795, -107, 1102
718, -103, 1125
622, -98, 1137
622, -98, 1137
555, -91, 1126
491, -99, 1110
377, -99, 1129
254, -85, 1157
90, -38, 1131
-66, 9, 1078
-146, 51, 1028
-146, 51, 1028
-174, 66, 994
-218, 86, 968
-266, 99, 946
-333, 101, 928
-402, 121, 915
-481, 145, 914
-567, 164, 933
-567, 164, 933
-639, 171, 973
-675, 185, 1012
-,-,-
710, -53, 1016
754, -52, 1047
754, -52, 1047
655, -43, 1101
599, -21, 1108
533, -22, 1113
494, -50, 1134
418, -102, 1179
354, -103, 1203
309, -86, 1177
227, -60, 1107
110, -40, 1049
110, -40, 1049
-2, -11, 1057
-64, 6, 1110
-144, 15, 1083
-224, 30, 979
-301, 124, 948
-,-,-
641, 41, 986
640, 43, 992
647, 38, 1011
699, 41, 1009
699, 41, 1009
724, 64, 975
716, 80, 961
712, 108, 934
723, 100, 917
723, 100, 917
687, 86, 933
609, 83, 932
514, 100, 924
411, 97, 933
411, 97, 933
329, 124, 952
291, 157, 966
-,-,-
794, 178, 691
832, 230, 712
861, 201, 776
861, 201, 776
908, 136, 851
980, 37, 937
990, -33, 1004
861, -80, 1093
703, -133, 1148
502, -163, 1159
291, -172, 1199
68, -148, 1245
68, -148, 1245
-143, -124, 1234
-278, -82, 1186
-362, -26, 1150
-449, 4, 1153
-495, 30, 1124
-519, 52, 1065
-554, 126, 1052
-633, 173, 1037
-681, 173, 1021
-681, 172, 1049
-637, 176, 1063
-,-,-
922, 12, 1028
1068, 0, 979
1041, -49, 1095
951, -80, 1074
844, -24, 1038
761, 37, 954
704, 99, 895
704, 99, 895
643, 106, 932
567, 84, 966
471, 77, 980
328, 94, 1042
328, 94, 1042
189, 63, 1099
73, 13, 1115
-14, 34, 1103
-106, 106, 1055
-236, 108, 1072
-381, 69, 1045
-381, 69, 1045
-524, 57, 1028
-615, 102, 1050
-688, 109, 1046
-769, 79, 1077
-,-,-
1072, -41, 966
1072, -41, 966
1011, -18, 997
985, -19, 1033
932, 10, 1067
850, 42, 1001
776, 35, 927
681, 27, 997
681, 27, 997
534, 8, 1021
414, -37, 990
236, -55, 1029
11, -94, 1014
-227, -78, 964
-227, -78, 964
-433, -40, 1006
-596, -15, 1032
-725, -24, 1124
-816, -32, 1164
-,-,-
759, 46, 1006
764, 76, 997
764, 76, 997
737, 100, 1038
654, 129, 1113
545, 169, 1077
472, 226, 963
483, 251, 978
406, 240, 1031
357, 169, 1043
357, 169, 1043
343, 27, 1005
273, -88, 990
199, -131, 1025
220, -129, 1025
-,-,-
691, 128, 1029
691, 128, 1029
673, 115, 1079
635, 74, 1064
601, 53, 1030
507, 1, 1068
476, -13, 1069
492, -4, 1012
492, -4, 1012
429, 9, 1030
356, 22, 1048
296, 25, 1076
228, 36, 1090
162, 29, 1081
162, 29, 1081
92, 48, 1063
35, 79, 1064
-40, 129, 1054
-133, 151, 1049
-248, 136, 1081
-338, 117, 1124
-,-,-
598, 172, 941
648, 123, 1064
691, 79, 1068
687, 48, 1090
687, 48, 1090
621, 17, 1122
576, 17, 1116
531, 27, 1089
475, 47, 1078
419, 55, 1042
379, 55, 1038
379, 33, 1038
353, 3, 1057
295, 4, 1051
196, 34, 1024
109, 78, 1021
109, 78, 1021
59, 106, 1027
-18, 117, 1019
-124, 137, 1025
-211, 149, 1043
-263, 150, 1022
-,-,-
581, 68, 978
526, 95, 992
443, 85, 985
443, 85, 985
417, 49, 1019
326, 27, 1034
226, 27, 1026
124, 12, 1010
-15, 8, 1000
-15, 8, 1000
-115, 9, 1002
-197, 33, 1031
-215, 62, 1043
-254, 85, 1057
-296, 99, 1049
-337, 92, 1046
-337, 92, 1046
-370, 79, 1021
-413, 89, 1047
-440, 99, 1069
-482, 114, 1057
-510, 118, 1036
-513, 127, 1027
-502, 132, 1020
-482, 142, 1006
-442, 130, 981
-,-,-
491, 59, 1015
491, 59, 1015
389, 86, 1046
310, 99, 1054
292, 110, 1065
294, 110, 1028
311, 61, 987
311, 61, 987
263, -28, 1061
159, -108, 1165
94, -126, 1210
30, -101, 1180
-56, -78, 1120
-163, -40, 1048
-248, 8, 1054
-338, 32, 1044
-338, 32, 1044
-413, 63, 987
-471, 99, 929
-497, 131, 924
-,-,-
694, -87, 1015
716, -153, 1118
710, -149, 1175
658, -119, 1156
604, -105, 1126
529, -78, 1153
428, -23, 1137
426, 17, 1093
424, -14, 1056
400, -64, 1069
286, -75, 1104
286, -75, 1104
162, -64, 1140
69, -66, 1111
13, -82, 1063
-59, -84, 1043
-175, -65, 1035
-295, -50, 1021
-405, -11, 987
-482, 25, 985
-482, 25, 985
-568, 43, 1010
-635, 69, 1026
-,-,-
578, -4, 972
709, -63, 967
740, -122, 962
740, -122, 962
698, -162, 1016
664, -154, 1023
636, -145, 1032
599, -143, 1022
550, -126, 1025
495, -101, 1029
425, -75, 1039
362, -56, 1044
301, -81, 1060
207, -102, 1047
129, -79, 1057
59, -46, 1048
59, -46, 1048
-65, -35, 1034
-175, -10, 1022
-236, 27, 1000
-298, 70, 991
-367, 113, 977
-452, 130, 979
-554, 140, 1013
-622, 155, 1041
-622, 155, 1041
-,-,-
846, -58, 868
792, -101, 972
792, -101, 972
763, -143, 1042
749, -144, 981
736, -113, 976
667, -102, 990
623, -104, 1001
543, -107, 1041
438, -103, 1045
330, -130, 1057
207, -130, 1049
101, -130, 1069
16, -112, 1086
-82, -84, 1091
-82, -84, 1091
-124, -58, 1066
-171, 13, 1029
-221, 73, 1011
-312, 84, 1028
-394, 65, 1053
-440, 60, 1072
-471, 84, 1053
-509, 97, 1056
-536, 96, 1063
-,-,-
739, -53, 920
793, -72, 966
767, -118, 1005
713, -133, 1048
706, -140, 1048
644, -112, 1029
592, -83, 1022
567, -105, 1022
485, -114, 1076
485, -114, 1076
366, -100, 1099
282, -105, 1082
192, -91, 1043
97, -57, 1030
5, -2, 1017
-59, 27, 1022
-140, 42, 1022
-140, 42, 1007
-243, 51, 1007
-317, 100, 1008
-367, 156, 997
-422, 193, 988
-492, 217, 983
-568, 221, 976
-,-,-
241, -102, 1065
274, -45, 1090
274, -45, 1090
495, 0, 1021
638, 18, 1049
673, -20, 1123
732, -91, 1125
857, -143, 1066
871, -169, 1017
792, -132, 937
653, -61, 878
653, -61, 878
531, -4, 833
350, 23, 810
155, 35, 847
-61, 36, 896
-61, 36, 896
-258, 17, 964
-426, -8, 1025
-575, -23, 1057
-666, -33, 1082
-734, -56, 1125
-771, -55, 1130
-,-,-
764, -115, 1033
749, -105, 1016
713, -74, 1019
643, -65, 980
544, -93, 959
421, -109, 988
263, -107, 1023
263, -107, 1053
49, -108, 1053
-134, -91, 1071
-227, -61, 1065
-265, -27, 1057
-326, -4, 1064
-372, -22, 1094
-411, -8, 1110
-396, 13, 1120
-423, 23, 1131
-479, 36, 1150
-535, 45, 1159
-,-,-
932, 3, 929
795, 6, 936
795, 6, 936
733, -18, 951
667, -68, 970
531, -67, 992
448, -59, 1001
448, -59, 1001
424, -94, 1010
349, -129, 1069
245, -114, 1118
156, -60, 1117
55, -31, 1081
-23, -14, 1050
-77, -30, 1052
-127, -28, 1093
-217, -11, 1118
-274, -10, 1116
-274, -10, 1085
-346, -5, 1085
-425, 0, 1115
-466, 33, 1129
-520, 33, 1135
-534, 16, 1147
-558, 27, 1146
-559, 61, 1097
-,-,-
812, -43, 954
928, -40, 926
927, -79, 976
834, -62, 1003
834, -62, 1003
709, -24, 1037
608, -13, 1061
539, -5, 1048
496, -14, 1048
427, -30, 1058
344, -61, 1085
258, -94, 1106
177, -96, 1079
177, -96, 1079
105, -48, 1018
21, -11, 1017
-57, -12, 1049
-132, -5, 1061
-166, 24, 1042
-240, 90, 1005
-344, 122, 998
-421, 113, 1036
-421, 113, 1036
-451, 78, 1082
-525, 45, 1121
-,-,-
830, -35, 951
874, -118, 1057
805, -133, 1102
778, -79, 1073
721, -52, 1043
627, -35, 1019
477, -42, 1038
372, -31, 1018
315, -4, 997
315, -4, 997
241, 25, 981
113, 32, 1008
-84, 33, 1086
-206, 27, 1116
-206, 27, 1116
-269, 51, 1077
-346, 84, 1067
-491, 96, 1101
-598, 119, 1143
-633, 137, 1158
-651, 101, 1197
-648, 82, 1260
-615, 79, 1281
-,-,-
926, -88, 957
926, -88, 957
862, -48, 942
802, -30, 921
719, -49, 970
565, -79, 1030
443, -98, 1052
365, -95, 1075
365, -95, 1075
325, -84, 1101
301, -91, 1118
219, -111, 1127
75, -129, 1130
-73, -125, 1167
-167, -83, 1167
-272, -48, 1154
-396, -48, 1175
-489, -42, 1172
-,-,-
869, -52, 827
963, -79, 898
1012, -106, 898
990, -124, 899
891, -118, 909
755, -105, 940
649, -95, 967
649, -95, 967
575, -101, 979
533, -81, 969
526, -65, 976
421, -67, 1002
254, -101, 1050
87, -114, 1097
-18, -91, 1112
-18, -91, 1112
-129, -53, 1090
-270, -48, 1105
-456, -41, 1121
-608, -2, 1139
-657, 67, 1171
-,-,-
807, -125, 921
775, -168, 980
775, -168, 980
735, -174, 987
720, -143, 991
692, -106, 997
615, -80, 992
532, -70, 1014
485, -67, 1032
419, -56, 1039
335, -27, 1051
335, -27, 1051
281, -10, 1046
196, -15, 1041
80, -19, 1050
18, 20, 1043
-83, 21, 1052
-225, -18, 1099
-225, -18, 1099
-330, -48, 1130
-372, -31, 1113
-380, -3, 1093
-444, 0, 1118
-544, 2, 1151
-,-,-
929, 41, 796
947, 40, 900
922, -10, 897
917, -25, 895
888, -4, 880
888, -4, 880
772, -14, 918
639, -57, 984
541, -110, 1017
484, -190, 1027
474, -226, 1038
415, -210, 1082
313, -195, 1125
201, -187, 1115
105, -162, 1065
105, -162, 1065
31, -111, 1057
-68, -90, 1096
-207, -119, 1119
-360, -106, 1157
-505, -91, 1199
-626, -63, 1219
-,-,-
801, 62, 862
919, 48, 818
909, 4, 832
872, -20, 815
831, -43, 861
831, -43, 861
771, -56, 901
712, -73, 931
648, -137, 987
587, -192, 1049
531, -211, 1120
487, -228, 1158
427, -243, 1165
347, -213, 1143
252, -156, 1122
252, -156, 1122
152, -123, 1156
64, -130, 1145
-30, -138, 1126
-119, -100, 1085
-218, -36, 1065
-311, 20, 1055
-428, 39, 1064
-499, 92, 1075
-,-,-
951, 24, 811
980, -20, 877
980, -20, 877
893, -49, 935
807, -77, 948
706, -70, 964
561, -67, 1004
478, -103, 1010
441, -132, 1003
365, -114, 1023
238, -71, 1054
238, -71, 1054
130, -57, 1082
46, -61, 1109
21, -47, 1101
-5, -21, 1075
-62, 17, 1072
-155, 0, 1096
-155, 0, 1096
-270, 12, 1176
-,-,-
796, -14, 1001
929, -8, 1002
1106, -51, 892
1033, -66, 959
942, -39, 968
866, 4, 931
866, 4, 931
772, 30, 909
672, 40, 908
557, 29, 933
557, 29, 933
410, 10, 992
255, 10, 1015
150, -1, 1053
49, -20, 1103
49, -20, 1103
-9, -38, 1121
-80, -32, 1107
-157, 10, 1098
-249, 39, 1077
-335, 52, 1071
-435, 60, 1109
-483, 97, 1081
-483, 97, 1081
-537, 126, 1069
-,-,-
777, -130, 906
789, -156, 1002
879, -189, 1052
956, -145, 1021
1000, -92, 1002
884, -58, 1046
774, -35, 1042
673, 1, 1020
572, 16, 997
572, 16, 997
439, 2, 1008
348, 1, 996
251, 22, 989
119, 18, 1009
119, 18, 1009
-14, 0, 1023
-124, 7, 1092
-203, 34, 1095
-297, 51, 1097
-399, 48, 1126
-489, 61, 1163
-489, 61, 1163
-619, 92, 1177
-679, 100, 1214
-710, 106, 1217
-,-,-
845, -52, 839
899, -96, 923
894, -96, 953
873, -46, 902
873, -46, 902
788, 30, 860
666, 82, 865
622, 89, 916
588, 75, 956
588, 75, 956
536, 63, 965
478, 30, 995
398, 36, 1021
331, 52, 1047
331, 52, 1047
247, 37, 1067
124, 6, 1070
18, 9, 1070
-82, 42, 1060
-82, 42, 1060
-175, 80, 1069
-295, 66, 1095
-409, 50, 1142
-486, 68, 1151
-524, 120, 1149
-563, 155, 1125
-,-,-
848, -35, 850
945, -4, 915
923, -43, 924
923, -43, 924
921, -16, 881
880, 27, 854
782, 57, 828
722, 66, 831
677, 46, 870
677, 46, 870
604, 25, 947
530, -7, 992
396, 12, 1008
396, 12, 1008
242, 37, 1045
86, 64, 1080
-19, 76, 1069
-72, 41, 1092
-162, 10, 1148
-324, 0, 1197
-324, 0, 1197
-430, 20, 1208
-512, 59, 1199
-545, 114, 1194
-574, 169, 1201
-547, 181, 1212
-572, 205, 1199
-,-,-
900, -79, 933
889, -141, 1016
855, -168, 991
793, -141, 930
685, -65, 881
685, -65, 881
588, -2, 872
543, 24, 910
496, 39, 960
433, 51, 1005
433, 51, 1005
352, 58, 1030
305, 49, 1060
244, 38, 1067
168, 27, 1086
66, 21, 1086
66, 21, 1086
-24, 2, 1096
-105, -7, 1090
-158, -17, 1060
-198, 6, 1032
-244, 20, 999
-244, 20, 999
-322, 56, 1036
-366, 98, 1098
-413, 154, 1124
-423, 189, 1157
-,-,-
548, 53, 909
548, 53, 909
649, 15, 919
739, -25, 946
818, -139, 942
961, -246, 941
970, -279, 1048
870, -255, 1144
769, -221, 1097
769, -221, 1097
690, -155, 1054
614, -94, 1003
565, -55, 962
510, -40, 962
413, -31, 938
273, -6, 931
172, 6, 956
172, 6, 956
52, -4, 984
-66, -19, 1042
-181, 39, 1064
-297, 67, 1047
-297, 67, 1047
-450, 89, 1074
-565, 110, 1121
-635, 129, 1207
-658, 149, 1237
-,-,-
674, 133, 887
884, 94, 855
947, -9, 1060
914, -129, 1191
817, -165, 1184
700, -120, 1117
596, -67, 1038
589, -39, 1010
560, -39, 1035
560, -39, 1035
504, -64, 1051
405, -56, 1068
280, -29, 1079
172, 3, 1083
117, 3, 1037
87, 15, 1030
87, 15, 1030
12, -9, 1045
-126, 12, 1039
-251, 46, 1018
-339, 42, 975
-390, 87, 988
-390, 87, 988
-460, 125, 1043
-568, 178, 1097
-675, 219, 1121
-729, 206, 1140
-738, 193, 1129
-,-,-
960, -21, 1060
866, -21, 1004
775, -1, 989
691, 45, 964
647, 57, 947
647, 57, 947
594, 58, 919
510, 52, 939
411, 33, 971
411, 33, 971
297, 33, 994
221, 45, 1020
148, 33, 1052
57, -2, 1094
57, -2, 1094
-25, -46, 1137
-120, -57, 1159
-213, -57, 1186
-259, -28, 1213
-251, -23, 1239
-287, 25, 1221
-329, 95, 1176
-355, 174, 1129
-362, 232, 1085
-389, 242, 1069
-429, 237, 1072
-423, 235, 1037
-423, 235, 1037
-388, 262, 991
-346, 258, 930
-,-,-
985, 17, 978
985, 17, 978
965, 45, 970
868, 95, 997
769, 111, 979
769, 111, 979
675, 110, 999
596, 84, 970
498, 50, 1000
402, 33, 1023
320, 25, 1034
320, 25, 1034
252, 8, 1037
127, -9, 1056
35, -1, 1061
-19, 30, 1047
-55, 36, 1028
-55, 36, 1028
-155, 41, 1052
-225, 72, 1057
-243, 102, 1067
-274, 119, 1093
-356, 134, 1130
-434, 150, 1161
-480, 146, 1156
-487, 147, 1150
-456, 162, 1129
-414, 174, 1078
-363, 184, 1010
-,-,-
956, -131, 716
960, -153, 819
970, -211, 893
928, -232, 933
928, -232, 933
893, -211, 906
872, -175, 878
805, -132, 881
729, -115, 917
651, -131, 956
546, -121, 970
405, -74, 979
244, -57, 1008
244, -57, 1008
128, -72, 1087
42, -76, 1099
-36, 0, 1032
-170, 81, 1000
-332, 133, 1047
-467, 137, 1090
-525, 123, 1129
-597, 132, 1130
-662, 169, 1125
-662, 169, 1125
-,-,-
983, -68, 953
971, -126, 994
878, -142, 957
878, -142, 957
703, -95, 985
590, -59, 993
532, -38, 992
493, -28, 988
415, -3, 1016
344, 26, 1013
344, 26, 1013
274, 37, 1014
210, 48, 1024
191, 51, 1001
171, 57, 985
171, 57, 985
59, 79, 994
-99, 89, 998
-206, 105, 976
-305, 119, 916
-,-,-
901, 52, 950
944, -97, 993
953, -171, 1146
916, -238, 1140
867, -164, 1121
785, -104, 1048
722, -40, 969
694, -1, 947
694, -1, 947
639, 26, 921
525, 53, 877
369, 55, 905
190, 58, 947
190, 58, 947
79, 52, 996
26, 16, 1042
-44, -15, 1068
-152, -10, 1102
-152, -10, 1102
-319, 35, 1138
-484, 74, 1149
-622, 98, 1159
-703, 105, 1159
-740, 125, 1174
-725, 151, 1167
-673, 180, 1136
-614, 206, 1070
-552, 231, 1018
-495, 237, 994
-,-,-
879, -109, 881
919, -44, 878
815, -31, 940
803, -19, 881
795, -11, 846
717, 6, 878
717, 6, 878
607, 33, 903
516, 27, 912
341, 10, 934
341, 10, 934
144, 5, 1012
13, 23, 1084
-74, 27, 1142
-159, 30, 1154
-237, 18, 1164
-237, 18, 1164
-315, 46, 1179
-373, 80, 1164
-450, 95, 1187
-539, 127, 1160
-637, 158, 1157
-664, 194, 1146
-652, 223, 1117
-599, 245, 1070
-503, 267, 1042
-424, 271, 1017
-,-,-
1011, -152, 862
1075, -145, 886
1017, -89, 847
941, -13, 828
853, 40, 831
853, 40, 831
771, 49, 808
662, 51, 840
561, 52, 877
492, 46, 900
492, 46, 900
406, 12, 949
246, -16, 1025
111, -20, 1050
57, -3, 1043
57, -3, 1043
32, 25, 1016
-99, 42, 1016
-264, 38, 1096
-371, 25, 1154
-401, 34, 1123
-465, 64, 1102
-465, 64, 1102
-561, 100, 1112
-635, 133, 1172
-,-,-
949, -12, 683
1028, -39, 774
1035, -101, 749
950, -119, 804
848, -125, 902
765, -110, 959
765, -110, 959
759, -120, 982
709, -108, 1001
641, -53, 985
504, -28, 993
360, -51, 1011
231, -37, 1047
81, 11, 1074
81, 11, 1074
-34, 29, 1090
-142, 21, 1083
-252, 30, 1082
-389, 59, 1114
-508, 54, 1147
-587, 46, 1181
-674, 22, 1220
-674, 22, 1220
-739, 2, 1262
-753, -14, 1269
-743, 8, 1241
-,-,-
835, 145, 588
891, 70, 717
859, -31, 782
883, -27, 813
847, -38, 887
847, -38, 887
776, -29, 975
754, -49, 1031
758, -63, 1062
747, -37, 1049
730, -7, 1081
645, -23, 1110
645, -23, 1110
479, -73, 1127
264, -64, 1138
49, -71, 1150
-172, -103, 1159
-347, -144, 1161
-475, -93, 1148
-586, -33, 1153
-666, -2, 1144
-694, 3, 1153
-701, 42, 1186
-,-,-
1118, 88, 838
1118, 88, 838
1083, 150, 808
992, 150, 789
931, 112, 821
849, 59, 855
849, 59, 855
771, 26, 910
680, 18, 935
627, -2, 960
550, -31, 995
550, -31, 995
420, -81, 1048
277, -122, 1105
126, -69, 1132
22, 0, 1130
-102, -5, 1123
-241, -34, 1135
-414, -50, 1169
-542, -42, 1217
-568, -16, 1266
-568, -16, 1266
-,-,-
985, 193, 829
988, 248, 860
961, 276, 873
961, 276, 873
897, 189, 931
836, 115, 934
771, 66, 971
682, 42, 987
682, 42, 984
549, 27, 984
359, 11, 1030
195, 0, 1062
39, 9, 1050
39, 9, 1050
-100, 45, 1053
-227, 71, 1092
-363, 73, 1118
-455, 96, 1101
-535, 110, 1096
-596, 118, 1127
-620, 129, 1126
-599, 138, 1104
-539, 170, 1052
-,-,-
168, 39, 969
320, 9, 922
571, 41, 903
772, 52, 969
922, -78, 1048
922, -78, 1048
999, -200, 1119
1076, -274, 1065
1113, -253, 960
1031, -206, 833
908, -136, 765
697, -86, 806
439, -75, 901
146, -94, 1031
-120, -52, 1075
-352, -3, 1087
-562, -3, 1111
-562, -17, 1111
-710, -2, 1153
-807, 36, 1181
-,-,-
960, -62, 747
1056, -91, 831
1111, -181, 904
1152, -216, 945
1157, -144, 912
1075, -94, 905
965, -107, 937
854, -106, 998
854, -106, 998
756, -95, 1043
646, -63, 1046
479, -107, 1083
278, -157, 1097
114, -165, 1108
-35, -92, 1100
-218, -20, 1050
-433, -43, 1058
-,-,-
858, -114, 1085
860, -69, 1099
829, -60, 1103
840, -49, 1100
809, -5, 1086
726, 8, 1106
726, 8, 1106
557, -19, 1118
339, -46, 1107
141, -22, 1072
-59, -20, 1084
-289, -80, 1059
-470, -94, 1068
-608, -86, 1155
-723, -66, 1212
-798, -54, 1223
-798, -54, 1223
-,-,-
983, -11, 898
1015, -128, 1093
1182, -148, 1004
1383, -127, 950
1378, -91, 1013
1183, -60, 997
1183, -60, 997
1025, -14, 903
941, 16, 916
790, 39, 940
608, 64, 971
387, 82, 949
387, 82, 949
218, 52, 947
54, -17, 926
-84, 0, 996
-84, 0, 996
-247, 20, 1057
-408, 98, 1169
-532, 11, 1139
-726, -24, 1059
-,-,-
1019, 6, 898
1019, 6, 898
1058, -53, 1001
1000, -94, 1096
1017, -103, 1103
989, -109, 1079
906, -140, 1106
760, -190, 1177
684, -193, 1168
585, -144, 1135
452, -130, 1106
335, -137, 1072
146, -148, 999
-160, -37, 944
-160, -37, 944
-491, 115, 985
-755, 124, 1003
-866, 104, 1006
-880, 101, 1017
-971, 48, 1080
-1026, -68, 1222
-,-,-
967, -86, 1188
1044, -96, 1139
1136, -117, 1174
1100, -202, 1274
968, -257, 1311
845, -210, 1263
698, -127, 1106
491, -70, 1007
210, -73, 1060
7, -98, 1084
7, -98, 1084
-83, -118, 987
-156, -100, 940
-336, -9, 918
-439, 7, 942
-559, -8, 1004
-678, -30, 1052
-814, -8, 1110
-814, -8, 1110
-906, -3, 1170
-961, 9, 1178
-932, 23, 1147
-,-,-
1038, -64, 962
1038, -64, 962
944, -29, 930
822, -53, 948
701, -89, 991
630, -154, 1005
519, -187, 1021
362, -164, 1032
214, -127, 1021
97, -154, 1073
-58, -168, 1103
-199, -120, 1037
-309, -78, 1020
-309, -78, 1020
-410, -90, 1036
-512, -113, 1095
-621, -102, 1168
-738, -70, 1190
-840, -35, 1135
-,-,-
1053, -64, 772
1271, -125, 961
1162, -182, 1102
1047, -183, 1068
975, -180, 1005
801, -184, 1036
609, -160, 1025
468, -131, 994
347, -99, 957
347, -99, 957
226, -66, 960
106, -24, 946
-5, 11, 1012
-92, 45, 1037
-204, 99, 950
-204, 99, 950
-270, 193, 945
-377, 188, 970
-494, 137, 1041
-626, 83, 1103
-,-,-
810, -42, 826
925, -53, 725
989, -56, 940
946, -112, 1078
1015, -6, 955
1004, -33, 874
1004, -33, 874
817, -95, 1007
662, -149, 1117
515, -101, 1102
465, -23, 967
368, 5, 853
225, 30, 891
45, 2, 965
45, 2, 965
-41, 2, 963
-76, 19, 901
-76, 19, 901
-273, -13, 941
-550, -105, 1087
-859, -159, 1257
-1068, -118, 1329
-1151, -44, 1341
-,-,-
1016, 0, 845
996, 23, 871
996, 23, 871
885, 67, 803
865, 42, 781
842, -31, 841
808, -31, 882
808, -94, 882
747, -111, 917
623, -73, 969
540, -54, 996
490, -96, 1032
368, -169, 1086
264, -211, 1084
153, -182, 1069
153, -182, 1069
-11, -165, 1090
-247, -207, 1111
-481, -222, 1136
-,-,-
757, 37, 902
757, 37, 902
881, 28, 817
1070, -65, 775
933, -108, 889
862, -144, 908
919, -180, 951
946, -154, 984
946, -154, 984
968, -143, 979
1022, -196, 1020
925, -216, 1044
725, -204, 1035
484, -155, 982
251, -127, 931
17, -112, 865
-266, -89, 853
-648, -88, 951
-981, -59, 1100
-981, -59, 1100
-1127, -24, 1231
-1177, 17, 1333
-,-,-
930, -266, 965
907, -184, 986
886, -136, 963
850, -149, 957
850, -149, 957
758, -144, 934
670, -136, 957
558, -111, 974
433, -94, 929
195, -71, 873
-101, -68, 928
-391, -80, 1029
-630, -41, 1135
-630, -41, 1135
-819, -1, 1193
-945, -12, 1164
-942, 22, 1207
-916, 48, 1237
-,-,-
1125, -429, 1181
1128, -419, 1135
951, -356, 1084
747, -286, 1039
541, -219, 950
541, -219, 950
341, -153, 911
148, -109, 947
15, -97, 949
-88, -88, 947
-234, -71, 920
-458, -29, 958
-599, 22, 963
-599, 22, 963
-636, 88, 946
-684, 160, 898
-798, 236, 901
-966, 265, 1005
-1041, 232, 1118
-975, 236, 1194
-,-,-
712, -120, 921
685, -83, 948
637, -106, 987
520, -129, 1003
520, -129, 1003
414, -144, 998
286, -182, 967
120, -195, 967
5, -185, 983
-103, -168, 992
-201, -139, 1024
-295, -141, 1046
-395, -114, 1076
-532, -82, 1074
-670, -7, 1089
-750, 61, 1116
-775, 89, 1151
-,-,-
900, -126, 901
924, -78, 952
857, -117, 999
857, -117, 999
752, -167, 1003
686, -166, 1029
621, -161, 1047
577, -167, 1009
526, -158, 966
430, -130, 966
251, -89, 985
94, -60, 1010
-31, -45, 1013
-31, -45, 1013
-129, -24, 1025
-314, -1, 1100
-504, 44, 1172
-645, 109, 1218
-634, 155, 1155
-533, 209, 1081
-,-,-
191, 92, 1018
290, 153, 975
543, 138, 1005
739, 16, 1033
1046, -18, 1067
1218, -46, 1061
1348, -103, 1017
1331, -111, 977
1213, -61, 864
1213, -61, 864
1068, 9, 740
903, 38, 735
683, 10, 802
377, 3, 833
377, 3, 833
58, -90, 922
-261, -202, 1041
-,-,-
598, 96, 997
758, 88, 955
928, 133, 876
1066, 99, 998
1038, 76, 1113
976, 86, 1077
976, 86, 1077
970, 133, 923
965, 161, 965
767, 232, 608
701, 190, 657
608, 149, 652
608, 149, 652
465, 178, 693
266, 177, 811
-,-,-
540, 241, 842
723, 274, 790
857, 242, 884
913, 199, 995
1011, 160, 1014
1029, 135, 948
1029, 135, 948
974, 157, 966
852, 147, 958
759, 130, 927
677, 91, 928
536, 57, 937
536, 57, 937
333, 44, 993
129, 43, 1013
-44, 27, 1056
-194, -25, 1117
-352, -81, 1248
-498, -77, 1248
-498, -77, 1226
-541, -53, 1226
-566, -42, 1177
-,-,-
634, 147, 923
634, 147, 923
842, 71, 964
920, 1, 985
955, -7, 1044
904, -67, 1097
904, -67, 1097
866, -28, 1006
831, -2, 849
816, -19, 881
725, -42, 996
556, -79, 1065
352, -57, 1078
352, -57, 1078
152, 33, 1098
-36, 99, 1131
-168, 96, 1154
-257, 76, 1175
-329, 42, 1168
-389, 51, 1176
-455, 67, 1158
-,-,-
673, 225, 927
842, 147, 984
842, 147, 984
814, 80, 1215
677, 12, 1192
652, -5, 1164
558, -11, 1122
485, 20, 1069
441, 23, 1035
441, 23, 1035
410, 49, 1029
365, 54, 1037
263, 96, 1044
141, 145, 1019
36, 153, 990
36, 153, 990
-45, 174, 964
-118, 188, 964
-215, 143, 959
-300, 99, 968
-399, 77, 993
-399, 77, 993
-510, 97, 1046
-663, 109, 1126
-756, 154, 1164
-,-,-
716, 24, 920
778, 18, 971
775, -27, 997
731, -21, 987
731, -21, 987
701, 19, 985
645, 26, 1053
629, 10, 1078
612, -20, 1029
576, -1, 981
576, -1, 981
454, -14, 1008
336, -68, 1080
150, -146, 1144
-18, -177, 1124
-186, -74, 1089
-346, -25, 1073
-472, -20, 1074
-,-,-
750, -32, 957
737, -39, 1067
723, -62, 993
723, -62, 993
581, -47, 1027
485, -20, 1093
445, -32, 1077
353, -14, 1076
228, 44, 1068
143, 122, 1061
89, 130, 985
89, 130, 985
-8, 138, 995
-111, 142, 1025
-233, 178, 1045
-344, 225, 1030
-423, 235, 1013
-488, 229, 994
-,-,-
1050, 85, 913
1050, 85, 913
998, 60, 996
912, 27, 1003
811, -30, 982
702, -25, 980
569, 24, 972
569, 24, 972
461, 59, 934
356, 34, 916
183, -11, 954
183, -11, 954
-37, 12, 1003
-233, 32, 1032
-401, 21, 1051
-497, 5, 1112
-524, 10, 1129
-567, 34, 1202
-625, 41, 1192
-625, 41, 1192
-,-,-
823, 28, 970
787, 35, 1075
806, 7, 1082
848, -11, 1040
815, -58, 1046
720, -129, 1058
720, -129, 1058
645, -158, 1083
573, -163, 1082
491, -135, 1043
391, -138, 973
261, -151, 977
59, -114, 1029
-121, -55, 1066
-265, -36, 1107
-424, -34, 1136
-560, -32, 1153
-687, -32, 1204
-782, -20, 1228
-803, -4, 1225
-,-,-
629, 72, 836
684, 98, 954
751, 75, 944
751, 75, 944
723, 74, 935
710, 62, 891
707, 35, 898
707, 35, 898
684, -12, 981
656, -69, 1061
620, -124, 1082
561, -120, 1074
443, -90, 1065
342, -65, 1040
210, -64, 1004
-5, -44, 1025
-5, -44, 1025
-243, -58, 1110
-429, -70, 1193
-560, -56, 1255
-626, -46, 1283
-,-,-
723, 137, 845
745, 120, 939
617, 97, 1026
507, 100, 1048
507, 100, 1048
511, 120, 983
603, 91, 1005
640, 6, 1105
620, -67, 1135
598, -92, 1092
476, -61, 1079
476, -61, 1079
325, -7, 1071
225, 1, 1079
153, -14, 1073
37, -2, 1049
-110, -12, 1107
-290, -20, 1162
-393, -14, 1173
-450, 16, 1157
-450, 16, 1157
-495, 34, 1155
-,-,-
817, 165, 957
775, 210, 1062
756, 133, 1014
669, 136, 1021
624, 131, 1030
624, 131, 1030
619, 54, 971
556, -34, 960
388, -57, 1022
241, -40, 1089
153, -20, 1127
96, -18, 1133
17, -28, 1076
17, -28, 1076
-102, 9, 1069
-180, 35, 1115
-318, -8, 1196
-465, -47, 1248
-547, -59, 1289
-605, -39, 1281
-599, -49, 1217
-,-,-
826, 39, 862
826, 39, 862
839, 24, 879
846, -11, 929
785, -2, 946
785, -2, 946
716, 0, 947
575, -26, 937
444, -30, 961
300, 12, 1045
194, 38, 1059
194, 38, 1059
149, 37, 1048
59, 56, 1064
-64, 105, 1085
-165, 141, 1115
-198, 155, 1103
-239, 122, 1133
-320, 105, 1176
-371, 85, 1241
-371, 85, 1241
-,-,-
988, -68, 1129
889, -93, 1223
754, -34, 1174
658, 32, 1099
658, 32, 1099
602, 42, 1069
470, 16, 1130
330, 3, 1161
186, -18, 1133
96, -20, 1112
96, -20, 1112
-16, -39, 1091
-119, -105, 1120
-233, -147, 1168
-343, -181, 1206
-400, -158, 1156
-412, -108, 1074
-438, -64, 1041
-,-,-
890, 48, 1037
1005, 41, 1066
866, -34, 1131
750, -86, 1179
684, -95, 1149
592, -117, 1092
475, -102, 1065
320, -84, 1037
320, -84, 1037
153, -54, 999
-3, -12, 1042
-158, 27, 1105
-260, 60, 1103
-355, 70, 1108
-446, 58, 1129
-553, 80, 1170
-553, 80, 1170
-652, 91, 1175
-707, 98, 1163
-719, 95, 1063
-752, 119, 1045
-,-,-
680, 32, 957
667, 37, 1027
667, 37, 1027
752, 12, 1041
760, -34, 1096
715, -67, 1091
627, -95, 1051
541, -100, 1021
460, -55, 993
395, -31, 927
395, -31, 927
247, -49, 923
26, -52, 997
-177, -30, 1046
-333, 31, 1068
-426, 1, 1062
-426, 1, 1062
-523, -36, 1101
-645, -35, 1166
-786, -25, 1221
-857, -71, 1280
-865, -99, 1280
-,-,-
511, -84, 1071
424, -14, 1045
438, -2, 1003
414, 14, 1038
414, 14, 1038
313, 16, 1053
185, 9, 1094
56, 0, 1150
4, -15, 1166
4, -15, 1166
-27, -13, 1155
-110, -27, 1137
-226, -69, 1128
-349, -59, 1117
-464, -9, 1095
-582, 14, 1098
-715, 0, 1143
-822, -12, 1194
-,-,-
617, 3, 1001
617, 3, 1001
711, -45, 1098
750, -55, 1147
708, -125, 1179
607, -126, 1198
462, -138, 1184
341, -142, 1173
241, -109, 1136
209, -61, 1111
71, -24, 1104
-43, -2, 1083
-43, -2, 1083
-90, 0, 1078
-140, -25, 1074
-257, -11, 1073
-382, -1, 1080
-494, 13, 1089
-570, 52, 1072
-647, 115, 1025
-,-,-
687, -95, 1017
687, -93, 1017
756, -166, 1087
739, -152, 1078
681, -96, 1025
618, -58, 986
584, -87, 1045
537, -72, 1104
516, -87, 1051
462, -97, 1014
462, -97, 1014
344, -117, 1010
230, -114, 1023
171, -107, 1046
156, -89, 1026
107, -62, 1037
48, -40, 1076
-1, -53, 1067
-69, -70, 1057
-213, -40, 1096
-410, -32, 1122
-410, -32, 1122
-564, -33, 1157
-680, 2, 1191
-,-,-
583, -150, 1011
515, -119, 1065
434, -84, 1087
434, -84, 1087
409, -56, 1082
385, -64, 1080
351, -97, 1091
309, -118, 1102
241, -137, 1113
123, -108, 1126
23, -60, 1111
-36, -50, 1064
-28, -14, 1052
-28, -14, 1052
-51, 30, 1037
-97, 45, 1048
-132, 39, 1059
-166, 48, 1078
-212, 88, 1029
-228, 112, 950
-260, 148, 946
-343, 170, 1006
-343, 170, 1006
-384, 168, 1055
-432, 170, 1100
-495, 178, 1139
-542, 186, 1150
-,-,-
780, -98, 951
812, -130, 1051
731, -135, 1119
629, -107, 1078
564, -66, 996
479, -23, 999
381, -18, 998
313, -42, 993
313, -42, 993
266, -51, 1005
228, -64, 1004
210, -59, 1067
164, -61, 1105
117, -37, 1095
130, -1, 1049
118, 30, 1047
118, 30, 1047
74, 41, 1050
14, 34, 1060
-30, 6, 1043
-114, 14, 1089
-219, 25, 1118
-219, 25, 1118
-309, 42, 1116
-362, 56, 1139
-419, 90, 1193
-520, 123, 1191
-582, 150, 1185
-,-,-
640, -42, 883
717, -37, 927
825, -58, 992
769, -102, 1067
678, -125, 1107
591, -94, 1070
529, -79, 1020
529, -79, 1020
481, -84, 1026
434, -94, 1030
369, -99, 1062
255, -85, 1054
179, -57, 1046
148, -59, 1077
112, -31, 1092
91, -18, 1073
91, -18, 1073
68, -14, 1084
71, -16, 1082
73, -3, 1034
46, 4, 1054
46, 4, 1054
4, -20, 1078
-68, -57, 1101
-126, -60, 1115
-244, -18, 1140
-375, 43, 1128
-495, 96, 1134
-538, 155, 1133
-525, 194, 1115
-525, 194, 1115
-,-,-
531, -96, 958
651, -62, 948
734, -55, 1000
641, -72, 1045
535, -68, 1051
476, -40, 1066
447, -53, 1088
399, -45, 1077
399, -45, 1077
361, -28, 1061
293, -18, 1026
243, 0, 1029
197, 17, 1085
148, 9, 1145
148, -3, 1165
148, -3, 1165
157, 0, 1133
164, 34, 1074
199, 51, 1066
139, 56, 1064
139, 56, 1064
88, 60, 1065
20, 76, 1067
-46, 57, 1053
-154, 8, 1043
-252, 37, 1019
-252, 37, 1019
-337, 123, 1018
-,-,-
800, -73, 943
800, -73, 943
868, -130, 1097
823, -209, 1205
776, -240, 1172
699, -195, 1153
564, -116, 1122
471, -65, 1062
434, -57, 1064
355, -44, 1055
287, -57, 1027
178, -30, 1043
178, -30, 1043
68, -7, 1044
8, 32, 1065
-6, 57, 1082
-19, 38, 1039
-50, 48, 1031
-50, 48, 1031
-102, 76, 1042
-131, 84, 1033
-173, 97, 1029
-244, 131, 1028
-307, 146, 1000
-390, 172, 1023
-484, 185, 1085
-546, 216, 1144
-606, 252, 1180
-669, 262, 1177
-627, 280, 1140
-627, 280, 1140
-491, 281, 1093
-392, 258, 1061
-324, 229, 1051
-308, 199, 1059
-314, 187, 1049
-316, 166, 1002
-,-,-
836, -195, 1140
816, -131, 1142
788, -76, 1060
661, -17, 997
529, -11, 991
529, -11, 991
450, -24, 1016
337, -48, 1036
217, -51, 1060
179, -44, 1116
161, -26, 1125
124, -12, 1131
56, 13, 1110
56, 13, 1110
-31, 53, 1088
-62, 72, 1050
-61, 57, 1036
-106, 79, 991
-188, 106, 986
-188, 106, 986
-259, 111, 988
-287, 112, 1011
-298, 112, 1063
-393, 119, 1080
-495, 106, 1106
-558, 133, 1116
-582, 175, 1145
-580, 198, 1147
-555, 219, 1140
-,-,-
982, 91, 840
1083, 10, 1068
1083, 10, 1068
946, -45, 1121
884, -39, 1013
768, -8, 990
616, 12, 972
543, 13, 995
543, 13, 995
504, -23, 1046
477, -41, 1057
426, -14, 1041
408, -16, 987
313, -15, 996
187, -14, 1042
187, -14, 1042
86, 13, 1064
15, 33, 1088
2, 5, 1075
-21, -30, 1046
-104, -30, 1100
-104, -5, 1100
-194, 40, 1113
-241, 114, 1127
-272, 168, 1117
-320, 187, 1120
-411, 197, 1109
-466, 196, 1115
-496, 206, 1120
-498, 218, 1118
-494, 224, 1106
-,-,-
906, 48, 894
966, 0, 982
966, 0, 982
925, -20, 978
797, 11, 988
753, 28, 973
753, 28, 973
707, 16, 978
639, -5, 1003
556, -13, 1020
511, -42, 1004
462, -57, 1026
369, -72, 1043
369, -72, 1043
254, -35, 1042
192, -23, 1007
71, 0, 1029
-79, 11, 1044
-155, 26, 1065
-209, 57, 1084
-252, 90, 1074
-252, 90, 1074
-296, 99, 1096
-348, 118, 1091
-367, 132, 1073
-372, 130, 1073
-416, 126, 1091
-478, 122, 1112
-533, 140, 1129
-577, 162, 1125
-569, 184, 1115
-551, 204, 1103
-526, 210, 1092
-496, 213, 1094
-449, 208, 1104
-,-,-
913, -21, 1078
891, 39, 1059
891, 39, 1059
704, 54, 1047
594, 20, 1036
561, -25, 1093
524, -49, 1108
448, -54, 1089
385, -54, 1061
385, -54, 1061
339, -78, 1027
249, -81, 1028
99, -59, 1086
-9, -53, 1112
-71, -26, 1141
-90, -33, 1120
-194, -26, 1064
-295, 8, 1106
-295, 8, 1106
-375, 48, 1124
-409, 68, 1112
-435, 102, 1072
-467, 140, 1029
-526, 154, 1046
-582, 174, 1082
-605, 187, 1112
-602, 186, 1113
-558, 177, 1122
-512, 180, 1101
-,-,-
811, -93, 1090
798, -63, 1061
747, -4, 1114
670, -7, 1061
605, -8, 1015
575, -49, 1030
482, -49, 1065
401, -64, 1061
401, -64, 1061
307, -81, 1067
245, -84, 1055
163, -73, 1045
86, -69, 1070
60, -90, 1107
8, -71, 1106
8, -71, 1106
-53, -60, 1095
-148, -19, 1076
-213, 13, 1065
-280, 60, 1030
-340, 98, 1017
-412, 131, 1007
-466, 168, 1022
-500, 186, 1073
-603, 222, 1121
-662, 238, 1159
-657, 226, 1161
-657, 226, 1161
-,-,-
864, -188, 1002
1079, -193, 1159
952, -173, 1227
820, -107, 1173
772, -48, 1087
688, -18, 1020
611, 1, 985
611, 1, 985
497, 1, 1001
412, -3, 1025
295, -11, 1046
229, 0, 1045
229, 0, 1045
146, -4, 1070
91, -16, 1101
17, -32, 1107
-27, -17, 1079
-109, 9, 1088
-109, 9, 1088
-208, 28, 1094
-301, 53, 1127
-344, 68, 1149
-375, 81, 1141
-399, 95, 1090
-448, 141, 1152
-563, 180, 1205
-614, 193, 1198
-626, 199, 1182
-,-,-
894, 29, 837
970, -49, 934
970, -49, 934
937, -79, 993
901, -65, 1019
853, -25, 982
758, 9, 942
676, -6, 922
676, -6, 922
569, -36, 1011
461, -68, 1071
393, -73, 1069
330, -34, 1036
302, -8, 1036
276, -43, 1093
276, -43, 1093
199, -86, 1157
107, -109, 1155
-2, -67, 1170
-75, -23, 1162
-142, 4, 1155
-237, -7, 1221
-354, -51, 1275
-434, -100, 1256
-,-,-
616, 33, 846
616, 33, 846
882, 35, 876
991, -33, 992
960, -111, 1101
917, -176, 1088
855, -166, 1074
794, -95, 1019
762, -34, 981
762, -34, 981
715, -3, 931
633, -7, 961
544, -8, 1000
459, 16, 1038
459, 16, 1038
384, 13, 1042
323, -30, 1074
248, -91, 1095
183, -121, 1121
93, -112, 1134
22, -96, 1132
-53, -54, 1141
-141, -8, 1134
-141, -8, 1134
-223, 29, 1106
-309, 64, 1095
-401, 66, 1148
-486, 75, 1218
-573, 86, 1263
-683, 152, 1227
-,-,-
542, -108, 960
542, -108, 960
712, -158, 1037
775, -169, 1101
752, -167, 1180
792, -142, 1140
816, -89, 1051
803, -26, 928
752, 35, 869
723, 38, 862
723, 38, 862
673, 42, 920
630, 12, 968
548, -22, 1007
472, -29, 1029
425, -37, 1042
425, -37, 1042
344, -45, 1056
242, -61, 1102
160, -62, 1138
45, -81, 1160
-79, -99, 1179
-156, -91, 1203
-218, -85, 1218
-299, -64, 1230
-395, -60, 1227
-517, -10, 1237
-517, -10, 1237
-599, 32, 1219
-597, 81, 1173
-582, 128, 1121
-585, 167, 1059
-584, 201, 1017
-,-,-
937, -55, 995
937, -55, 995
1018, -69, 987
936, -48, 1053
828, -20, 1048
774, 12, 994
693, 20, 934
575, 13, 953
575, 13, 953
472, 21, 978
399, 21, 1021
330, 27, 1066
260, -8, 1094
260, -8, 1094
169, -34, 1128
78, -56, 1144
30, -47, 1109
-41, -32, 1061
-106, -19, 1028
-147, -23, 1081
-158, 2, 1081
-158, 2, 1081
-152, 33, 1054
-229, 65, 1024
-374, 54, 1090
-483, -12, 1253
-562, -80, 1400
-657, -90, 1477
-709, -44, 1421
-,-,-
914, -53, 882
915, -73, 939
915, -73, 939
887, -114, 979
815, -105, 963
742, -73, 957
616, -50, 1004
528, -55, 1049
474, -100, 1069
395, -107, 1129
300, -86, 1170
178, -76, 1185
178, -76, 1185
64, -72, 1165
0, -110, 1174
-43, -142, 1184
-60, -170, 1178
-106, -165, 1171
-177, -128, 1135
-261, -86, 1105
-379, -99, 1080
-481, -48, 1110
-548, 22, 1105
-580, 97, 1084
-596, 127, 1084
-,-,-
1039, -116, 968
1043, -126, 979
1009, -106, 948
892, -46, 947
892, -46, 947
782, 9, 928
665, 47, 937
578, 18, 975
490, 6, 1018
490, 6, 1018
420, -11, 1045
356, -19, 1068
273, -43, 1125
170, -67, 1158
118, -71, 1168
111, -72, 1194
111, -72, 1194
61, -67, 1190
-20, -60, 1169
-69, -51, 1155
-116, -26, 1122
-172, 18, 1105
-231, 23, 1120
-243, 15, 1160
-257, 41, 1211
-257, 41, 1211
-257, 92, 1246
-287, 132, 1248
-370, 178, 1237
-443, 209, 1188
-,-,-
958, -47, 905
958, -47, 905
1045, -1, 1045
1014, -64, 1054
871, -51, 1018
717, -16, 1033
548, -4, 1057
460, -12, 1053
417, -16, 1053
393, 0, 1032
393, 0, 1032
345, 18, 1039
249, -17, 1083
168, -67, 1122
125, -79, 1114
72, -58, 1075
-19, -54, 1100
-19, -54, 1100
-140, -76, 1126
-178, -75, 1137
-202, -73, 1082
-253, -14, 1041
-301, -5, 1068
-385, 29, 1085
-423, 49, 1115
-448, 44, 1087
-473, 45, 1094
-523, 78, 1096
-523, 78, 1096
-550, 102, 1106
-,-,-
866, 14, 875
1005, -62, 972
960, -65, 1076
833, -57, 976
833, -57, 976
787, -30, 889
689, 6, 863
577, 26, 903
542, 8, 938
542, 8, 938
489, 0, 983
416, 1, 1009
334, 21, 1040
334, 21, 1040
287, 4, 1073
199, -15, 1112
117, -21, 1141
42, 3, 1151
-2, 25, 1128
-2, 25, 1128
-20, 31, 1078
-68, 42, 1058
-93, 36, 1054
-147, 61, 1028
-147, 61, 1028
-206, 104, 999
-282, 131, 1015
-351, 100, 1056
-386, 70, 1111
-442, 77, 1180
-531, 105, 1207
-581, 150, 1193
-,-,-
929, -81, 1043
1090, -151, 1198
973, -184, 1289
786, -125, 1235
692, -74, 1114
598, -7, 974
473, 12, 861
401, 0, 848
401, 0, 848
358, -18, 900
301, -41, 986
264, -44, 1051
188, -35, 1058
141, -27, 1054
141, -27, 1054
118, -13, 1084
66, 0, 1099
28, 3, 1087
-3, -1, 1090
-3, -1, 1090
-37, 0, 1071
-56, 0, 1027
-97, 35, 1010
-211, 62, 1042
-359, 76, 1099
-359, 76, 1099
-461, 67, 1189
-525, 52, 1224
-,-,-
592, 1, 860
680, 1, 879
863, -61, 985
852, -112, 1181
827, -169, 1165
766, -100, 1131
689, -37, 1053
689, -37, 1053
642, -4, 1004
608, -4, 1011
561, -10, 1009
495, -29, 934
430, -19, 917
316, 6, 939
316, 6, 939
221, 28, 954
146, 13, 958
51, 5, 905
51, 5, 905
-22, 57, 977
0, 62, 1030
0, 62, 1030
26, 46, 1096
9, 43, 1142
-80, 78, 1176
-174, 125, 1186
-226, 170, 1153
-226, 170, 1153
-257, 210, 1115
-302, 220, 1150
-398, 217, 1158
-490, 258, 1195
-,-,-
403, -41, 890
590, -101, 889
942, -237, 1087
955, -276, 1231
822, -261, 1233
734, -197, 1177
651, -99, 1069
571, -14, 936
523, 19, 887
523, 19, 887
506, -25, 895
417, -57, 925
291, -52, 982
243, -36, 1007
214, -12, 1014
214, -12, 1014
203, 12, 996
230, 50, 1013
191, 90, 1058
80, 119, 1115
-44, 119, 1118
-118, 110, 1080
-118, 110, 1080
-127, 121, 1073
-,-,-
762, -49, 1083
876, -29, 1071
904, -33, 1041
780, -13, 1056
780, -13, 1056
642, 31, 1039
580, 68, 926
536, 83, 857
499, 72, 889
499, 72, 889
445, 8, 1006
374, -32, 1129
297, -32, 1126
229, -25, 1067
191, -5, 1025
162, 15, 1004
162, 15, 1004
132, 30, 956
94, 20, 946
10, 27, 993
10, 27, 993
-31, 28, 1041
-68, 36, 1057
-140, 81, 965
-201, 131, 915
-300, 131, 962
-413, 87, 1051
-413, 87, 1051
-534, 67, 1145
-,-,-
720, 60, 1055
775, 45, 1117
686, 46, 1100
686, 46, 1100
593, 28, 1039
567, 26, 989
503, 31, 989
410, 30, 1005
410, 30, 1005
348, 1, 1045
322, -44, 1067
260, -45, 994
168, -26, 934
113, 7, 930
113, 7, 930
84, 6, 963
23, -1, 965
-90, 24, 986
-90, 24, 986
-167, 58, 952
-201, 80, 935
-243, 76, 975
-325, 76, 992
-325, 76, 992
-380, 99, 1028
-386, 89, 1077
-426, 52, 1181
-490, 44, 1256
-516, 57, 1291
-,-,-
830, 47, 862
1022, -13, 1013
1080, -32, 1044
980, -50, 1044
821, -32, 1013
695, 4, 927
590, 15, 900
590, 15, 900
529, -21, 948
487, -80, 1003
397, -115, 1042
325, -127, 1064
288, -99, 1105
241, -85, 1104
241, -85, 1090
119, -91, 1090
-23, -86, 1083
-110, -28, 1046
-118, 35, 991
-136, 36, 951
-202, 5, 925
-257, -43, 940
-257, -43, 940
-316, -66, 950
-378, -43, 960
-467, -16, 967
-557, 10, 1001
-667, 31, 1081
-,-,-
1077, 260, 944
1077, 260, 944
1139, 148, 1050
989, 30, 1133
882, -78, 1187
752, -86, 1159
642, -67, 1070
555, -37, 1032
502, -7, 961
451, -22, 933
451, -22, 933
378, -42, 964
270, -45, 974
132, -15, 982
8, 27, 961
8, 27, 961
-23, 40, 967
-79, 76, 966
-112, 84, 948
-112, 84, 948
-180, 56, 958
-252, 58, 1046
-282, 69, 1066
-328, 66, 1082
-383, 31, 1092
-422, 16, 1139
-474, 33, 1194
-474, 33, 1194
-534, 25, 1196
-,-,-
758, 35, 900
892, 133, 865
1130, -19, 1005
1075, -123, 1141
853, -134, 1134
636, -87, 1126
491, -36, 1062
431, -23, 1056
445, -25, 1080
488, -77, 1104
488, -77, 1104
431, -98, 1071
335, -79, 1061
257, -83, 1084
192, -72, 1061
143, -69, 1027
83, -27, 966
25, 40, 892
25, 40, 892
-64, 86, 872
-168, 70, 899
-264, 58, 901
-,-,-
914, -259, 976
969, -227, 1105
1021, -203, 1097
940, -81, 971
820, -22, 852
719, -13, 829
611, -40, 886
529, -66, 962
529, -66, 962
448, -77, 1035
383, -84, 1036
262, -90, 1096
132, -60, 1105
95, -29, 1136
77, -13, 1050
77, -13, 1050
-22, 18, 1011
-156, 4, 1031
-235, -21, 1099
-267, -25, 1162
-317, 16, 1135
-416, 71, 1103
-459, 114, 1045
-496, 167, 1018
-492, 185, 1016
-492, 185, 1016
-520, 171, 1067
-556, 161, 1115
-549, 118, 1219
-539, 100, 1292
-459, 107, 1285
-,-,-
986, 38, 875
986, 38, 875
1015, -80, 1104
933, -192, 1203
785, -150, 1174
676, -79, 1080
535, -14, 1001
446, 19, 975
363, 10, 1017
363, 10, 1017
299, -12, 1081
271, -17, 1110
260, -28, 1125
171, -30, 1128
69, -39, 1104
-17, -31, 1094
-39, -3, 1046
-39, -3, 1046
-66, 39, 977
-109, 68, 897
-182, 92, 880
-232, 83, 915
-294, 85, 927
-294, 85, 927
-399, 97, 987
-466, 114, 1065
-516, 116, 1173
-634, 84, 1298
-791, 56, 1427
-847, 63, 1437
-759, 92, 1388
-611, 119, 1258
-,-,-
1031, -43, 703
1197, -71, 822
1176, -181, 1037
1111, -193, 1085
993, -139, 1040
867, -67, 1002
786, -38, 966
683, -8, 996
683, -8, 996
602, -16, 1040
463, 0, 1001
326, 34, 1006
206, 71, 1037
206, 71, 1037
158, 74, 1021
110, 45, 1018
21, 31, 1051
-50, 12, 1089
-118, 7, 1149
-118, 7, 1149
-180, -21, 1123
-247, -24, 1159
-304, -49, 1035
-379, 70, 1016
-,-,-
991, 48, 855
999, 28, 897
947, -16, 959
867, -36, 949
764, -13, 917
764, -13, 917
644, 35, 950
570, 50, 986
538, 45, 1028
491, 26, 1080
443, 9, 1080
443, 9, 1080
370, 12, 1054
269, 37, 1049
177, 49, 1050
136, 24, 1055
136, 24, 1055
124, -34, 1087
19, -69, 1114
-88, -40, 1143
-122, -8, 1170
-104, 23, 1141
-128, 56, 1079
-183, 87, 1043
-183, 87, 1043
-310, 79, 1050
-446, 63, 1083
-504, 56, 1097
-532, 55, 1124
-590, 31, 1186
-646, -12, 1274
-681, -35, 1351
-676, -21, 1383
-610, 25, 1334
-500, 64, 1298
-,-,-
909, 303, 620
909, 303, 620
1029, 173, 815
1188, 66, 883
1213, -50, 983
1088, -129, 1068
858, -139, 1135
706, -125, 1129
662, -90, 1142
669, -35, 1130
661, 6, 1111
661, 6, 1111
503, 55, 1123
329, 82, 1136
245, 66, 1133
224, 52, 1097
195, 78, 1055
195, 78, 1055
108, 57, 1073
-8, 39, 1090
-75, 18, 1048
-121, 17, 1033
-203, 23, 1036
-203, 23, 1036
-298, 8, 1080
-427, -51, 1138
-555, -110, 1270
-645, -127, 1357
-,-,-
643, 133, 762
892, 80, 867
892, 80, 867
1019, -18, 986
1010, -98, 1143
888, -106, 1240
770, -31, 1210
688, 10, 1158
626, 8, 1123
596, -12, 1137
596, -12, 1137
541, -39, 1156
474, -23, 1211
390, -29, 1227
325, -49, 1248
276, -85, 1260
232, -128, 1233
166, -128, 1229
49, -80, 1214
-79, -57, 1160
-79, -57, 1160
-211, -48, 1136
-346, -72, 1148
-412, -78, 1149
-427, -55, 1138
-452, -53, 1146
-479, -54, 1186
-532, -75, 1242
-597, -115, 1309
-630, -135, 1322
-624, -96, 1311
-586, -55, 1278
-,-,-
637, 121, 829
689, 121, 731
717, 129, 812
840, 36, 833
957, -12, 867
946, -122, 1034
946, -122, 1034
881, -186, 1172
833, -185, 1185
710, -167, 1209
635, -128, 1179
576, -157, 1177
411, -138, 1133
261, -85, 1115
213, -9, 1128
247, 22, 1118
196, 35, 1121
93, 11, 1169
93, 11, 1169
11, 44, 1125
-37, 90, 1058
-151, 76, 1009
-289, 73, 982
-289, 73, 982
-417, 83, 901
-495, 86, 905
-652, 10, 998
-811, -62, 1100
-926, -131, 1213
-914, -186, 1294
-847, -226, 1362
-774, -176, 1315
-667, -81, 1202
-,-,-
891, 38, 674
1155, -38, 844
1287, -136, 932
1197, -192, 1066
1042, -174, 1082
889, -128, 1005
889, -128, 1005
812, -99, 981
788, -98, 1001
728, -68, 1067
657, -19, 1086
573, -9, 1101
449, -2, 1129
323, 72, 1114
323, 72, 1114
222, 40, 1060
116, 30, 997
-56, 42, 1022
-141, 104, 1014
-111, 95, 973
-137, 77, 962
-137, 77, 962
-263, 95, 989
-340, 112, 999
-400, 116, 993
-503, 97, 1090
-597, 62, 1233
-647, -9, 1369
-685, -74, 1458
-685, -74, 1458
-717, -79, 1415
-719, -12, 1323
-656, 60, 1190
-,-,-
880, -12, 904
762, -62, 1029
665, -44, 1040
665, -44, 1040
593, -65, 1104
444, -57, 1123
305, -38, 1095
269, -25, 1055
276, -5, 1051
232, -5, 1068
152, -27, 1128
152, -27, 1128
50, -39, 1141
-21, -59, 1150
-85, -57, 1152
-124, -25, 1088
-157, -8, 1002
-200, -2, 949
-304, -13, 968
-467, -48, 1043
-610, -73, 1125
-610, -73, 1125
-,-,-
792, -236, 918
792, -236, 918
873, -227, 1094
920, -166, 1156
850, -133, 1097
787, -87, 1038
734, -49, 1031
661, -53, 1002
578, -3, 1015
557, 25, 964
557, 25, 964
481, -17, 942
299, -74, 1024
169, -91, 1095
77, -86, 1099
6, -44, 1093
-58, -31, 1093
-58, -31, 1093
-153, -23, 1112
-246, -18, 1127
-290, -2, 1108
-353, -6, 1118
-411, 15, 1129
-502, 29, 1142
-582, 35, 1171
-615, 47, 1172
-644, 57, 1167
-644, 57, 1167
-649, 31, 1183
-623, -27, 1218
-,-,-
529, -123, 857
531, -47, 866
732, -192, 852
789, -268, 907
807, -228, 992
827, -177, 1064
827, -177, 1064
813, -154, 1103
714, -141, 1054
655, -84, 1058
648, -52, 1028
541, -69, 1006
380, -61, 1049
276, -10, 1075
252, 7, 1058
211, -55, 1018
211, -55, 1018
92, -117, 1089
-58, -121, 1165
-187, -103, 1117
-322, -110, 1048
-518, -175, 1091
-636, -193, 1139
-735, -186, 1199
-814, -114, 1225
-853, -46, 1228
-852, -13, 1155
-799, 36, 1125
-688, 59, 1092
-564, 65, 1098
-501, 61, 1134
-471, 28, 1165
-434, -16, 1223
-,-,-
822, -226, 922
896, -242, 1077
1021, -189, 1033
954, -143, 975
796, -114, 1011
676, -130, 1045
599, -109, 1035
546, -164, 1022
546, -164, 1022
434, -137, 1002
330, -91, 985
227, -34, 1062
178, -25, 1096
64, -21, 1032
-90, 3, 1002
-199, 95, 983
-199, 95, 983
-222, 101, 928
-285, 62, 896
-420, 25, 930
-562, -6, 1005
-619, 1, 1069
-636, 9, 1158
-636, 9, 1158
-632, 39, 1266
-,-,-
732, -118, 814
938, -123, 910
1096, -124, 1051
1009, -174, 1072
828, -128, 1019
747, -47, 975
621, -50, 991
483, -62, 1033
393, -97, 1021
305, -131, 1016
235, -104, 1011
231, -61, 1001
231, -61, 1001
235, 2, 975
166, 38, 972
35, 88, 994
-36, 114, 1034
-36, 114, 1034
6, 102, 1047
15, 55, 1023
-56, 105, 1042
-194, 114, 1063
-323, 89, 1131
-432, 26, 1211
-524, 10, 1243
-524, 10, 1243
